GO:0055107,"{'GO:0051179', 'GO:0051649', 'GO:0006810', 'GO:0051234', 'GO:0046907', 'GO:0051641', 'GO:0009987', 'GO:0008150'}"
GO:0031175,"{'GO:0120036', 'GO:0009987', 'GO:0016043', 'GO:0030030', 'GO:0071840', 'GO:0008150'}"
GO:0047496,"{'GO:0051650', 'GO:0051656', 'GO:0051649', 'GO:0030705', 'GO:0072384', 'GO:0051640', 'GO:0051234', 'GO:0051641', 'GO:0009987', 'GO:0051648', 'GO:0099111', 'GO:0010970', 'GO:0008150', 'GO:0006928', 'GO:0051179', 'GO:0099518', 'GO:0006810', 'GO:0046907', 'GO:0007017', 'GO:0007018'}"
GO:1901098,"{'GO:0031323', 'GO:0065007', 'GO:0009894', 'GO:0031331', 'GO:0051130', 'GO:0010508', 'GO:0031329', 'GO:0050794', 'GO:0008150', 'GO:0009893', 'GO:0009896', 'GO:0048522', 'GO:0010638', 'GO:0019222', 'GO:0016241', 'GO:0048518', 'GO:1901096', 'GO:0033043', 'GO:0031325', 'GO:0051128', 'GO:0043243', 'GO:0050789', 'GO:0016239', 'GO:0043244', 'GO:0010506'}"
GO:0098792,"{'GO:0044248', 'GO:0016236', 'GO:0061912', 'GO:0009056', 'GO:0009987', 'GO:0044237', 'GO:0006914', 'GO:0008150', 'GO:0008152', 'GO:0061919'}"
GO:0070192,"{'GO:0022414', 'GO:0051276', 'GO:0006996', 'GO:0022402', 'GO:0009987', 'GO:0016043', 'GO:0071840', 'GO:1903046', 'GO:0008150'}"
GO:0006302,"{'GO:1901360', 'GO:0050896', 'GO:0009987', 'GO:0044237', 'GO:0006807', 'GO:0006725', 'GO:0051716', 'GO:0071704', 'GO:0090304', 'GO:0043170', 'GO:0006281', 'GO:0008150', 'GO:0008152', 'GO:0044238', 'GO:0006974', 'GO:0034641', 'GO:0044260', 'GO:0046483', 'GO:0006139', 'GO:0006950', 'GO:0033554', 'GO:0006259'}"
GO:0007144,"{'GO:0022414', 'GO:0007143', 'GO:0006996', 'GO:0022402', 'GO:0022412', 'GO:0009987', 'GO:0071840', 'GO:1903046', 'GO:0008150', 'GO:0007127', 'GO:0140013', 'GO:0048285', 'GO:0061982', 'GO:0016043', 'GO:0000280'}"
GO:0051729,"{'GO:0007346', 'GO:0051726', 'GO:0065007', 'GO:0051445', 'GO:0022402', 'GO:0009987', 'GO:0045786', 'GO:0050794', 'GO:0008150', 'GO:2000241', 'GO:2000243', 'GO:0048522', 'GO:0045787', 'GO:0045930', 'GO:0048518', 'GO:0048519', 'GO:0051728', 'GO:0051446', 'GO:0048523', 'GO:0050789', 'GO:0060184'}"
GO:0007141,"{'GO:0022414', 'GO:0006996', 'GO:0022402', 'GO:0022412', 'GO:0009987', 'GO:0071840', 'GO:1903046', 'GO:0007140', 'GO:0008150', 'GO:0007127', 'GO:0140013', 'GO:0048285', 'GO:0061982', 'GO:0016043', 'GO:0000280'}"
GO:0051310,"{'GO:0051656', 'GO:0051179', 'GO:0051649', 'GO:0050000', 'GO:0022402', 'GO:0051303', 'GO:0051640', 'GO:0009987', 'GO:0051234', 'GO:0051641', 'GO:0008150'}"
GO:0048255,"{'GO:0045934', 'GO:0031323', 'GO:0065007', 'GO:0009894', 'GO:0010628', 'GO:0031329', 'GO:0008150', 'GO:0051172', 'GO:0043487', 'GO:0010468', 'GO:1902369', 'GO:0031330', 'GO:0010608', 'GO:0048523', 'GO:0050789', 'GO:0031324', 'GO:0009893', 'GO:1903311', 'GO:0051171', 'GO:1903312', 'GO:0065008', 'GO:0051253', 'GO:0043489', 'GO:0019219', 'GO:0050794', 'GO:0051252', 'GO:0009895', 'GO:0019222', 'GO:0010604', 'GO:0080090', 'GO:0060255', 'GO:0048518', 'GO:0048519', 'GO:1902373', 'GO:0010605', 'GO:0043488', 'GO:0061013', 'GO:0009892'}"
GO:0048599,"{'GO:0032502', 'GO:0022414', 'GO:0022412', 'GO:0009987', 'GO:0007281', 'GO:0048869', 'GO:0003006', 'GO:0048856', 'GO:0008150', 'GO:0048468'}"
GO:0007286,"{'GO:0032502', 'GO:0022414', 'GO:0022412', 'GO:0009987', 'GO:0007281', 'GO:0048869', 'GO:0003006', 'GO:0048856', 'GO:0008150', 'GO:0048468'}"
GO:0007283,"{'GO:0032502', 'GO:0022414', 'GO:0007276', 'GO:0003006', 'GO:0048609', 'GO:0048232', 'GO:0008150'}"
GO:0007130,"{'GO:0070193', 'GO:0022607', 'GO:0022414', 'GO:0051276', 'GO:0006996', 'GO:0022402', 'GO:0070192', 'GO:0009987', 'GO:0016043', 'GO:0071840', 'GO:1903046', 'GO:0008150'}"
GO:0000045,"{'GO:0022607', 'GO:0007033', 'GO:0006996', 'GO:0070925', 'GO:0009987', 'GO:1905037', 'GO:0016043', 'GO:0071840', 'GO:0008150'}"
GO:0006914,"{'GO:0044248', 'GO:0009987', 'GO:0044237', 'GO:0009056', 'GO:0008150', 'GO:0008152', 'GO:0061919'}"
GO:0000422,"{'GO:0044248', 'GO:0007005', 'GO:1903008', 'GO:0061726', 'GO:0009056', 'GO:0006996', 'GO:0022411', 'GO:0009987', 'GO:0044237', 'GO:0016043', 'GO:0071840', 'GO:0006914', 'GO:0008150', 'GO:0008152', 'GO:0061919'}"
GO:0030154,"{'GO:0009987', 'GO:0008150', 'GO:0048869', 'GO:0032502'}"
GO:0009267,"{'GO:0009991', 'GO:0031668', 'GO:0042594', 'GO:0009605', 'GO:0050896', 'GO:0031669', 'GO:0009987', 'GO:0051716', 'GO:0031667', 'GO:0071496', 'GO:0008150', 'GO:0006950', 'GO:0033554', 'GO:0007154'}"
GO:0000423,"{'GO:1903008', 'GO:0016236', 'GO:0000422', 'GO:0009056', 'GO:0006996', 'GO:0009987', 'GO:0044237', 'GO:0071840', 'GO:0006914', 'GO:0008150', 'GO:0008152', 'GO:0044248', 'GO:0007005', 'GO:0061726', 'GO:0061912', 'GO:0022411', 'GO:0016043', 'GO:0061919'}"
GO:0010667,"{'GO:0010665', 'GO:0065007', 'GO:0043066', 'GO:0043067', 'GO:0010664', 'GO:0010662', 'GO:0060548', 'GO:0050794', 'GO:0043069', 'GO:0042981', 'GO:0010941', 'GO:0008150', 'GO:0010660', 'GO:0048519', 'GO:0010656', 'GO:0048523', 'GO:0050789'}"
GO:0008285,"{'GO:0042127', 'GO:0065007', 'GO:0050794', 'GO:0048519', 'GO:0048523', 'GO:0050789', 'GO:0008150'}"
GO:0043524,"{'GO:0065007', 'GO:0043066', 'GO:1901215', 'GO:0043067', 'GO:0060548', 'GO:0050794', 'GO:0043069', 'GO:0008150', 'GO:0010941', 'GO:0042981', 'GO:1901214', 'GO:0048519', 'GO:0043523', 'GO:0048523', 'GO:0050789'}"
GO:0021915,"{'GO:0032502', 'GO:0060429', 'GO:0035295', 'GO:0048856', 'GO:0008150', 'GO:0009888'}"
GO:0010508,"{'GO:0031323', 'GO:0065007', 'GO:0009894', 'GO:0031331', 'GO:0031329', 'GO:0050794', 'GO:0008150', 'GO:0009893', 'GO:0009896', 'GO:0048522', 'GO:0019222', 'GO:0048518', 'GO:0031325', 'GO:0050789', 'GO:0010506'}"
GO:0043552,"{'GO:0010562', 'GO:0031323', 'GO:0065007', 'GO:0050790', 'GO:0019220', 'GO:0051347', 'GO:0042325', 'GO:0008150', 'GO:0043550', 'GO:0048522', 'GO:0031325', 'GO:0009893', 'GO:0050789', 'GO:0090218', 'GO:0051338', 'GO:0042327', 'GO:0019216', 'GO:0043085', 'GO:0065009', 'GO:0033674', 'GO:0050794', 'GO:0043549', 'GO:0045834', 'GO:0019222', 'GO:0080090', 'GO:0048518', 'GO:0045937', 'GO:0043551', 'GO:0044093', 'GO:0051174'}"
GO:0098780,"{'GO:0009987', 'GO:0050896', 'GO:0051716', 'GO:0008150', 'GO:0006950', 'GO:0033554'}"
GO:0060088,"{'GO:0031175', 'GO:0120036', 'GO:0009987', 'GO:0060122', 'GO:0016043', 'GO:0030030', 'GO:0071840', 'GO:0008150'}"
GO:0007605,"{'GO:0003008', 'GO:0007600', 'GO:0050954', 'GO:0008150', 'GO:0050877', 'GO:0032501'}"
GO:0050896,{'GO:0008150'}
GO:0010457,"{'GO:0009987', 'GO:0008150', 'GO:0022402'}"
GO:0033365,"{'GO:0051179', 'GO:0034613', 'GO:0051641', 'GO:0008104', 'GO:0009987', 'GO:0070727', 'GO:0033036', 'GO:0008150'}"
GO:0046085,"{'GO:1901360', 'GO:0046128', 'GO:0006807', 'GO:0009987', 'GO:0044237', 'GO:0006725', 'GO:1901657', 'GO:0071704', 'GO:0008150', 'GO:0008152', 'GO:0042278', 'GO:0009116', 'GO:1901135', 'GO:0044238', 'GO:0072521', 'GO:0044281', 'GO:0009119', 'GO:0034641', 'GO:0046483', 'GO:0055086', 'GO:0006139', 'GO:1901564'}"
GO:0009117,"{'GO:1901360', 'GO:0009987', 'GO:0044237', 'GO:0006807', 'GO:0019637', 'GO:0006725', 'GO:0071704', 'GO:0006796', 'GO:0008150', 'GO:0008152', 'GO:0044238', 'GO:0044281', 'GO:0006753', 'GO:0034641', 'GO:0006793', 'GO:0046483', 'GO:0055086', 'GO:0006139'}"
GO:0009128,"{'GO:1901360', 'GO:0034655', 'GO:0019438', 'GO:1901361', 'GO:0009126', 'GO:0009058', 'GO:0034404', 'GO:0009987', 'GO:0006807', 'GO:0019637', 'GO:0006725', 'GO:0009125', 'GO:0071704', 'GO:0006796', 'GO:0046700', 'GO:0008150', 'GO:1901362', 'GO:0034641', 'GO:0006793', 'GO:1901576', 'GO:0044283', 'GO:0046483', 'GO:0055086', 'GO:0009123', 'GO:0006139', 'GO:0009056', 'GO:0046434', 'GO:0034654', 'GO:0044237', 'GO:0044271', 'GO:0008152', 'GO:0018130', 'GO:0044248', 'GO:0044238', 'GO:0044270', 'GO:1901292', 'GO:0044281', 'GO:0006753', 'GO:1901575', 'GO:0044249', 'GO:0019439'}"
GO:0007155,"{'GO:0009987', 'GO:0008150', 'GO:0022610'}"
GO:0006123,"{'GO:0019646', 'GO:0006091', 'GO:0015980', 'GO:0022904', 'GO:0022900', 'GO:0045333', 'GO:0009987', 'GO:0044237', 'GO:0009060', 'GO:0008150', 'GO:0008152'}"
GO:0035694,"{'GO:0019538', 'GO:0009056', 'GO:0009987', 'GO:0044237', 'GO:0006807', 'GO:0044257', 'GO:0071704', 'GO:0044267', 'GO:0043170', 'GO:0008150', 'GO:0008152', 'GO:0009057', 'GO:0044248', 'GO:0044238', 'GO:1901575', 'GO:0044260', 'GO:0030163', 'GO:1901565', 'GO:0044265', 'GO:1901564'}"
GO:0007005,"{'GO:0009987', 'GO:0016043', 'GO:0071840', 'GO:0008150', 'GO:0006996'}"
GO:0007216,"{'GO:0007186', 'GO:0065007', 'GO:0050794', 'GO:0009987', 'GO:0050789', 'GO:0007215', 'GO:0007166', 'GO:0008150', 'GO:0007165'}"
GO:0007215,"{'GO:0009987', 'GO:0008150', 'GO:0050789', 'GO:0065007', 'GO:0007166', 'GO:0050794', 'GO:0007165'}"
GO:0050804,"{'GO:0065007', 'GO:0050794', 'GO:0099177', 'GO:0008150', 'GO:0010646', 'GO:0023051', 'GO:0050789'}"
GO:0051967,"{'GO:0065007', 'GO:0023057', 'GO:0051966', 'GO:0050794', 'GO:0099177', 'GO:0008150', 'GO:0050805', 'GO:0050804', 'GO:0048519', 'GO:0048523', 'GO:0010648', 'GO:0050789', 'GO:0010646', 'GO:0023051'}"
GO:0042391,"{'GO:0065007', 'GO:0008150', 'GO:0065008'}"
GO:0035249,"{'GO:0099537', 'GO:0007268', 'GO:0023052', 'GO:0007267', 'GO:0009987', 'GO:0098916', 'GO:0099536', 'GO:0008150', 'GO:0007154'}"
GO:0051321,"{'GO:0009987', 'GO:0007049', 'GO:0022414', 'GO:0008150'}"
GO:0044829,"{'GO:0051851', 'GO:0051702', 'GO:0044403', 'GO:0051817', 'GO:0044794', 'GO:0035821', 'GO:0044419', 'GO:0044827', 'GO:0044788', 'GO:0008150'}"
GO:0070555,"{'GO:0042221', 'GO:0050896', 'GO:0008150', 'GO:0034097', 'GO:0010033'}"
GO:0034612,"{'GO:0042221', 'GO:0050896', 'GO:0008150', 'GO:0034097', 'GO:0010033'}"
GO:0000122,"{'GO:0045934', 'GO:0006355', 'GO:0031323', 'GO:0009889', 'GO:2001141', 'GO:0065007', 'GO:1903506', 'GO:0010558', 'GO:0008150', 'GO:2000113', 'GO:0051172', 'GO:0010468', 'GO:2000112', 'GO:0031326', 'GO:0048523', 'GO:1903507', 'GO:0010556', 'GO:0050789', 'GO:0031324', 'GO:1902679', 'GO:0051171', 'GO:0031327', 'GO:0006357', 'GO:0045892', 'GO:0051253', 'GO:0019219', 'GO:0050794', 'GO:0010629', 'GO:0051252', 'GO:0009890', 'GO:0019222', 'GO:0080090', 'GO:0060255', 'GO:0048519', 'GO:0010605', 'GO:0009892'}"
GO:0045892,"{'GO:0045934', 'GO:0006355', 'GO:0031323', 'GO:0009889', 'GO:2001141', 'GO:0065007', 'GO:1903506', 'GO:0010558', 'GO:0008150', 'GO:2000113', 'GO:0051172', 'GO:0010468', 'GO:2000112', 'GO:0031326', 'GO:0048523', 'GO:1903507', 'GO:0010556', 'GO:0050789', 'GO:0031324', 'GO:1902679', 'GO:0051171', 'GO:0031327', 'GO:0051253', 'GO:0019219', 'GO:0010629', 'GO:0050794', 'GO:0051252', 'GO:0009890', 'GO:0019222', 'GO:0080090', 'GO:0060255', 'GO:0048519', 'GO:0010605', 'GO:0009892'}"
GO:0006357,"{'GO:0051171', 'GO:0006355', 'GO:0031323', 'GO:0009889', 'GO:2001141', 'GO:0065007', 'GO:1903506', 'GO:0019219', 'GO:0050794', 'GO:0008150', 'GO:0051252', 'GO:0019222', 'GO:0010468', 'GO:0080090', 'GO:2000112', 'GO:0060255', 'GO:0031326', 'GO:0010556', 'GO:0050789'}"
GO:0007189,"{'GO:0007186', 'GO:0007188', 'GO:0065007', 'GO:0019935', 'GO:0019933', 'GO:0035556', 'GO:0050789', 'GO:0007187', 'GO:0009987', 'GO:0019932', 'GO:0050794', 'GO:0007165', 'GO:0008150'}"
GO:0007166,"{'GO:0009987', 'GO:0065007', 'GO:0050789', 'GO:0007165', 'GO:0050794', 'GO:0008150'}"
GO:0007229,"{'GO:0009987', 'GO:0008150', 'GO:0050789', 'GO:0065007', 'GO:0007166', 'GO:0050794', 'GO:0007165'}"
GO:0030593,"{'GO:0042330', 'GO:0060326', 'GO:0071621', 'GO:0040011', 'GO:0006935', 'GO:0009987', 'GO:0097529', 'GO:1990266', 'GO:0030595', 'GO:0008150', 'GO:0016477', 'GO:0006928', 'GO:0048870', 'GO:0002376', 'GO:0050900', 'GO:0097530'}"
GO:0042060,"{'GO:0009611', 'GO:0008150', 'GO:0006950', 'GO:0050896'}"
GO:0000226,"{'GO:0007010', 'GO:0009987', 'GO:0016043', 'GO:0071840', 'GO:0007017', 'GO:0008150', 'GO:0006996'}"
GO:0010923,"{'GO:0051336', 'GO:0043086', 'GO:0031323', 'GO:0065009', 'GO:0065007', 'GO:0019220', 'GO:0050790', 'GO:0051174', 'GO:0050794', 'GO:0008150', 'GO:0010921', 'GO:0010563', 'GO:0019222', 'GO:0045936', 'GO:0051346', 'GO:0044092', 'GO:0048519', 'GO:0050789', 'GO:0035305', 'GO:0048523', 'GO:0031324', 'GO:0035303', 'GO:0009892'}"
GO:0007088,"{'GO:0007346', 'GO:0051726', 'GO:0065007', 'GO:0050794', 'GO:0050789', 'GO:0010564', 'GO:0033043', 'GO:0051128', 'GO:0051783', 'GO:0008150'}"
GO:0021987,"{'GO:0048856', 'GO:0008150', 'GO:0032502'}"
GO:0006974,"{'GO:0009987', 'GO:0050896', 'GO:0051716', 'GO:0008150', 'GO:0006950', 'GO:0033554'}"
GO:0006281,"{'GO:1901360', 'GO:0050896', 'GO:0009987', 'GO:0044237', 'GO:0006807', 'GO:0006725', 'GO:0051716', 'GO:0071704', 'GO:0090304', 'GO:0043170', 'GO:0008150', 'GO:0008152', 'GO:0044238', 'GO:0006974', 'GO:0034641', 'GO:0044260', 'GO:0046483', 'GO:0006139', 'GO:0006950', 'GO:0033554', 'GO:0006259'}"
GO:0032515,"{'GO:0035304', 'GO:0031323', 'GO:0065007', 'GO:0019220', 'GO:0050790', 'GO:0051174', 'GO:0031400', 'GO:0008150', 'GO:0051172', 'GO:0010923', 'GO:0045936', 'GO:0044092', 'GO:0043666', 'GO:0035305', 'GO:0048523', 'GO:0050789', 'GO:0031324', 'GO:0051171', 'GO:0051336', 'GO:0065009', 'GO:0043086', 'GO:0032269', 'GO:0032268', 'GO:0050794', 'GO:0010921', 'GO:0010563', 'GO:0019222', 'GO:0051346', 'GO:0080090', 'GO:0031399', 'GO:0060255', 'GO:0048519', 'GO:0035308', 'GO:0051246', 'GO:0051248', 'GO:0010605', 'GO:0035303', 'GO:0009892'}"
GO:0031297,"{'GO:1901360', 'GO:0009987', 'GO:0044237', 'GO:0006807', 'GO:0006725', 'GO:0071704', 'GO:0090304', 'GO:0043170', 'GO:0008150', 'GO:0045005', 'GO:0008152', 'GO:0044238', 'GO:0034641', 'GO:0044260', 'GO:0046483', 'GO:0006139', 'GO:0006259'}"
GO:0034599,"{'GO:0006950', 'GO:0042221', 'GO:0050896', 'GO:0070887', 'GO:0009987', 'GO:0006979', 'GO:0051716', 'GO:0062197', 'GO:0008150', 'GO:0033554'}"
GO:0071356,"{'GO:0071310', 'GO:0042221', 'GO:0071345', 'GO:0034612', 'GO:0050896', 'GO:0010033', 'GO:0070887', 'GO:0009987', 'GO:0051716', 'GO:0008150', 'GO:0034097'}"
GO:0006325,"{'GO:0009987', 'GO:0008150', 'GO:0016043', 'GO:0071840'}"
GO:0032922,"{'GO:0007623', 'GO:0019222', 'GO:0010468', 'GO:0065007', 'GO:0048511', 'GO:0060255', 'GO:0032501', 'GO:0050789', 'GO:0008150'}"
GO:0007623,"{'GO:0048511', 'GO:0008150'}"
GO:0006346,"{'GO:0043412', 'GO:0022607', 'GO:0006333', 'GO:0051276', 'GO:0006996', 'GO:0031497', 'GO:0009987', 'GO:0097549', 'GO:0071840', 'GO:0071704', 'GO:0031507', 'GO:0006338', 'GO:0043170', 'GO:0008150', 'GO:0008152', 'GO:0016569', 'GO:0006325', 'GO:0034401', 'GO:0070828', 'GO:0016043'}"
GO:0042733,"{'GO:0048598', 'GO:0009653', 'GO:0008150', 'GO:0032502'}"
GO:0007492,"{'GO:0048856', 'GO:0008150', 'GO:0009888', 'GO:0032502'}"
GO:0009913,"{'GO:0009987', 'GO:0048869', 'GO:0032502', 'GO:0030855', 'GO:0008150', 'GO:0030154'}"
GO:0061029,"{'GO:0048856', 'GO:0008150', 'GO:0032502'}"
GO:0061198,"{'GO:0048646', 'GO:0008150', 'GO:0032502'}"
GO:0060789,"{'GO:0048646', 'GO:0060788', 'GO:0008150', 'GO:0032502'}"
GO:0021766,"{'GO:0048856', 'GO:0008150', 'GO:0032502'}"
GO:0016575,"{'GO:0043412', 'GO:0019538', 'GO:0035601', 'GO:0006464', 'GO:0036211', 'GO:0006807', 'GO:0009987', 'GO:0044237', 'GO:0071704', 'GO:0071840', 'GO:0044267', 'GO:0098732', 'GO:0043170', 'GO:0008150', 'GO:0008152', 'GO:0016569', 'GO:0006325', 'GO:0044238', 'GO:0044260', 'GO:0016043', 'GO:0006476', 'GO:0016570', 'GO:1901564'}"
GO:0070932,"{'GO:0043412', 'GO:0019538', 'GO:0035601', 'GO:0006464', 'GO:0036211', 'GO:0006807', 'GO:0009987', 'GO:0044237', 'GO:0071704', 'GO:0071840', 'GO:0044267', 'GO:0098732', 'GO:0043170', 'GO:0008150', 'GO:0008152', 'GO:0016569', 'GO:0006325', 'GO:0044238', 'GO:0044260', 'GO:0016575', 'GO:0016043', 'GO:0006476', 'GO:0016570', 'GO:1901564'}"
GO:0070933,"{'GO:0043412', 'GO:0019538', 'GO:0035601', 'GO:0006464', 'GO:0036211', 'GO:0006807', 'GO:0009987', 'GO:0044237', 'GO:0071704', 'GO:0071840', 'GO:0044267', 'GO:0098732', 'GO:0043170', 'GO:0008150', 'GO:0008152', 'GO:0016569', 'GO:0006325', 'GO:0044238', 'GO:0044260', 'GO:0016575', 'GO:0016043', 'GO:0006476', 'GO:0016570', 'GO:1901564'}"
GO:0043922,"{'GO:0051851', 'GO:0051702', 'GO:0044403', 'GO:0051817', 'GO:0008150', 'GO:0035821', 'GO:0044419'}"
GO:0060766,"{'GO:0033143', 'GO:0060765', 'GO:0065007', 'GO:0023057', 'GO:0048583', 'GO:0048585', 'GO:0050794', 'GO:0008150', 'GO:0009966', 'GO:0033144', 'GO:0009968', 'GO:0048519', 'GO:0048523', 'GO:0010648', 'GO:0050789', 'GO:0010646', 'GO:0023051'}"
GO:0043066,"{'GO:0065007', 'GO:0043067', 'GO:0060548', 'GO:0050794', 'GO:0043069', 'GO:0042981', 'GO:0010941', 'GO:0008150', 'GO:0048519', 'GO:0048523', 'GO:0050789'}"
GO:0090090,"{'GO:0030178', 'GO:0030111', 'GO:0065007', 'GO:0023057', 'GO:0048583', 'GO:0048585', 'GO:0023051', 'GO:0050794', 'GO:0008150', 'GO:0009966', 'GO:0060828', 'GO:0009968', 'GO:0048519', 'GO:0048523', 'GO:0050789', 'GO:0010646', 'GO:0010648'}"
GO:0010629,"{'GO:0019222', 'GO:0010468', 'GO:0065007', 'GO:0060255', 'GO:0048519', 'GO:0010605', 'GO:0050789', 'GO:0008150', 'GO:0009892'}"
GO:0043124,"{'GO:0065007', 'GO:0023057', 'GO:0048583', 'GO:0048585', 'GO:0050794', 'GO:0008150', 'GO:0009966', 'GO:0009968', 'GO:1902532', 'GO:0043122', 'GO:0048519', 'GO:1902531', 'GO:0048523', 'GO:0010648', 'GO:0050789', 'GO:0010646', 'GO:0023051'}"
GO:0046676,"{'GO:0043269', 'GO:0065007', 'GO:0046888', 'GO:1903531', 'GO:1904950', 'GO:0008150', 'GO:0050796', 'GO:0090276', 'GO:0032880', 'GO:0002791', 'GO:0046883', 'GO:0002792', 'GO:0051046', 'GO:0043271', 'GO:0048523', 'GO:0010817', 'GO:0050789', 'GO:1903792', 'GO:0010646', 'GO:0010648', 'GO:0051051', 'GO:0051049', 'GO:0023057', 'GO:0051223', 'GO:0065008', 'GO:0051048', 'GO:0050794', 'GO:0050709', 'GO:0050708', 'GO:1903530', 'GO:0070201', 'GO:0090278', 'GO:0044070', 'GO:0032879', 'GO:0048519', 'GO:0090087', 'GO:0051224', 'GO:0023051'}"
GO:2001243,"{'GO:0065007', 'GO:0043066', 'GO:0048583', 'GO:0043067', 'GO:2001234', 'GO:0043069', 'GO:0042981', 'GO:0010941', 'GO:0008150', 'GO:0009966', 'GO:1902532', 'GO:0048523', 'GO:0050789', 'GO:0010646', 'GO:0010648', 'GO:0023057', 'GO:0048585', 'GO:0060548', 'GO:0050794', 'GO:2001242', 'GO:0009968', 'GO:2001233', 'GO:0048519', 'GO:1902531', 'GO:0023051'}"
GO:2000757,"{'GO:1901983', 'GO:0031323', 'GO:0065007', 'GO:2000756', 'GO:0031400', 'GO:0008150', 'GO:0051172', 'GO:0048523', 'GO:0050789', 'GO:0031324', 'GO:0051171', 'GO:0032269', 'GO:0032268', 'GO:0050794', 'GO:0019222', 'GO:0080090', 'GO:0031399', 'GO:0060255', 'GO:0048519', 'GO:0051246', 'GO:0051248', 'GO:1901984', 'GO:0010605', 'GO:0009892'}"
GO:0030182,"{'GO:0009987', 'GO:0048869', 'GO:0032502', 'GO:0008150', 'GO:0030154'}"
GO:0042475,"{'GO:0032502', 'GO:0009653', 'GO:0042476', 'GO:0008150', 'GO:0009887'}"
GO:0008284,"{'GO:0042127', 'GO:0048522', 'GO:0065007', 'GO:0050794', 'GO:0048518', 'GO:0050789', 'GO:0008150'}"
GO:2000343,"{'GO:0051240', 'GO:0065007', 'GO:0001817', 'GO:0010628', 'GO:0001819', 'GO:0032642', 'GO:0008150', 'GO:0019222', 'GO:0010468', 'GO:0010604', 'GO:0051239', 'GO:0032722', 'GO:0060255', 'GO:0048518', 'GO:0050789', 'GO:2000341', 'GO:0009893'}"
GO:0032732,"{'GO:0032652', 'GO:0051240', 'GO:0001817', 'GO:0065007', 'GO:0010628', 'GO:0001819', 'GO:0008150', 'GO:0009893', 'GO:0019222', 'GO:0010468', 'GO:0051239', 'GO:0010604', 'GO:0060255', 'GO:0048518', 'GO:0050789'}"
GO:0048714,"{'GO:0045597', 'GO:0060284', 'GO:0048713', 'GO:0045687', 'GO:0051240', 'GO:0065007', 'GO:0050769', 'GO:0050793', 'GO:0051962', 'GO:0010720', 'GO:0050794', 'GO:0008150', 'GO:0051094', 'GO:0014015', 'GO:0014013', 'GO:0048522', 'GO:0051239', 'GO:0045595', 'GO:2000026', 'GO:0048518', 'GO:0045685', 'GO:0051960', 'GO:0050789', 'GO:0050767'}"
GO:0010870,
GO:0045944,"{'GO:1903508', 'GO:0006355', 'GO:0031323', 'GO:0009889', 'GO:2001141', 'GO:0065007', 'GO:1903506', 'GO:0010628', 'GO:0008150', 'GO:1902680', 'GO:0010557', 'GO:0048522', 'GO:0010468', 'GO:2000112', 'GO:0031326', 'GO:0051254', 'GO:0031325', 'GO:0010556', 'GO:0050789', 'GO:0009893', 'GO:0031328', 'GO:0045935', 'GO:0051171', 'GO:0006357', 'GO:0019219', 'GO:0050794', 'GO:0051252', 'GO:0009891', 'GO:0051173', 'GO:0019222', 'GO:0010604', 'GO:0080090', 'GO:0060255', 'GO:0048518', 'GO:0045893'}"
GO:0045893,"{'GO:1903508', 'GO:0006355', 'GO:0031323', 'GO:0009889', 'GO:2001141', 'GO:0065007', 'GO:1903506', 'GO:0010628', 'GO:0008150', 'GO:1902680', 'GO:0010557', 'GO:0048522', 'GO:0010468', 'GO:2000112', 'GO:0031326', 'GO:0051254', 'GO:0031325', 'GO:0010556', 'GO:0009893', 'GO:0031328', 'GO:0050789', 'GO:0045935', 'GO:0051171', 'GO:0019219', 'GO:0050794', 'GO:0051252', 'GO:0009891', 'GO:0051173', 'GO:0019222', 'GO:0010604', 'GO:0080090', 'GO:0060255', 'GO:0048518'}"
GO:0032760,"{'GO:0051240', 'GO:0001817', 'GO:0065007', 'GO:0032680', 'GO:1903555', 'GO:0010628', 'GO:0001819', 'GO:0008150', 'GO:0009893', 'GO:0019222', 'GO:0010468', 'GO:0051239', 'GO:0010604', 'GO:0060255', 'GO:0048518', 'GO:1903557', 'GO:0050789'}"
GO:2000676,"{'GO:0065007', 'GO:0043067', 'GO:0050794', 'GO:0008150', 'GO:0042981', 'GO:0010941', 'GO:0048522', 'GO:2000674', 'GO:0043065', 'GO:0010942', 'GO:0048518', 'GO:1904037', 'GO:0043068', 'GO:0050789', 'GO:1904035'}"
GO:0042531,"{'GO:0010562', 'GO:0031323', 'GO:0065007', 'GO:0019220', 'GO:0042325', 'GO:0051247', 'GO:0008150', 'GO:0048522', 'GO:0031325', 'GO:0050789', 'GO:0009893', 'GO:0032270', 'GO:0042327', 'GO:0051171', 'GO:0031401', 'GO:0001934', 'GO:0042509', 'GO:0050730', 'GO:0032268', 'GO:0050794', 'GO:0051173', 'GO:0019222', 'GO:0001932', 'GO:0050731', 'GO:0010604', 'GO:0080090', 'GO:0031399', 'GO:0060255', 'GO:0048518', 'GO:0045937', 'GO:0051246', 'GO:0051174'}"
GO:0006476,"{'GO:0043412', 'GO:0019538', 'GO:0035601', 'GO:0006464', 'GO:0036211', 'GO:0006807', 'GO:0009987', 'GO:0044237', 'GO:0071704', 'GO:0044267', 'GO:0098732', 'GO:0043170', 'GO:0008150', 'GO:0008152', 'GO:0044238', 'GO:0044260', 'GO:1901564'}"
GO:0052548,"{'GO:0051171', 'GO:0019222', 'GO:0051336', 'GO:0030162', 'GO:0065009', 'GO:0080090', 'GO:0065007', 'GO:0060255', 'GO:0050790', 'GO:0051246', 'GO:0050789', 'GO:0052547', 'GO:0008150'}"
GO:0001975,"{'GO:0042221', 'GO:0014075', 'GO:0010243', 'GO:0008150', 'GO:0050896', 'GO:0010033', 'GO:1901698'}"
GO:0031000,"{'GO:0042221', 'GO:0014070', 'GO:0050896', 'GO:0010033', 'GO:0010243', 'GO:0043279', 'GO:0008150', 'GO:1901698', 'GO:0014074'}"
GO:0042493,"{'GO:0008150', 'GO:0042221', 'GO:0050896'}"
GO:0055093,"{'GO:0036296', 'GO:0050896', 'GO:0009628', 'GO:0008150', 'GO:0006950', 'GO:0070482'}"
GO:0032496,"{'GO:0009607', 'GO:0042221', 'GO:0009605', 'GO:0043207', 'GO:0050896', 'GO:0010033', 'GO:1901700', 'GO:0002237', 'GO:0033993', 'GO:0008150'}"
GO:0008089,"{'GO:0008088', 'GO:0051649', 'GO:0030705', 'GO:0098930', 'GO:0051234', 'GO:0051641', 'GO:0009987', 'GO:0099111', 'GO:0010970', 'GO:0008150', 'GO:0006928', 'GO:0051179', 'GO:0006810', 'GO:0046907', 'GO:0007017', 'GO:0007018'}"
GO:0099087,"{'GO:0008088', 'GO:0031503', 'GO:0051649', 'GO:0050657', 'GO:0030705', 'GO:0006886', 'GO:0009987', 'GO:0015931', 'GO:0010970', 'GO:0015031', 'GO:0035418', 'GO:0051236', 'GO:0008150', 'GO:0071705', 'GO:0006928', 'GO:0099118', 'GO:0006811', 'GO:0006810', 'GO:0071702', 'GO:0008089', 'GO:0099640', 'GO:0006820', 'GO:0099641', 'GO:0007018', 'GO:0098930', 'GO:0051234', 'GO:0051641', 'GO:1905383', 'GO:0099111', 'GO:0099088', 'GO:0050658', 'GO:1902414', 'GO:0051179', 'GO:0042886', 'GO:0015833', 'GO:0045184', 'GO:0046907', 'GO:0008104', 'GO:0007017', 'GO:0033036', 'GO:0098840'}"
GO:0007049,"{'GO:0009987', 'GO:0008150'}"
GO:0001701,"{'GO:0032502', 'GO:0009792', 'GO:0032501', 'GO:0009790', 'GO:0043009', 'GO:0048856', 'GO:0008150', 'GO:0007275'}"
GO:1903770,"{'GO:0051336', 'GO:0051346', 'GO:0043086', 'GO:0065009', 'GO:0065007', 'GO:0044092', 'GO:0050790', 'GO:0008150'}"
GO:2000773,"{'GO:0065007', 'GO:2000772', 'GO:0048583', 'GO:0048519', 'GO:0050789', 'GO:0050793', 'GO:0090344', 'GO:0090342', 'GO:0048585', 'GO:0080135', 'GO:0048523', 'GO:0051093', 'GO:0080134', 'GO:0050794', 'GO:0008150'}"
GO:1905778,"{'GO:0045934', 'GO:0031323', 'GO:0065007', 'GO:0050790', 'GO:0032074', 'GO:0008150', 'GO:0032069', 'GO:1905777', 'GO:0051172', 'GO:0044092', 'GO:0048523', 'GO:0050789', 'GO:0031324', 'GO:0051336', 'GO:0051171', 'GO:0065009', 'GO:0043086', 'GO:0019219', 'GO:0050794', 'GO:0019222', 'GO:0051346', 'GO:0080090', 'GO:0060255', 'GO:0048519', 'GO:0009892'}"
GO:1904430,"{'GO:0045934', 'GO:0051171', 'GO:0031323', 'GO:0065007', 'GO:0065008', 'GO:0051053', 'GO:0051129', 'GO:0019219', 'GO:0050794', 'GO:0008150', 'GO:0051172', 'GO:0051052', 'GO:0019222', 'GO:0032204', 'GO:0080090', 'GO:0031324', 'GO:0044087', 'GO:0060255', 'GO:0048519', 'GO:0033043', 'GO:0010605', 'GO:0048523', 'GO:0051128', 'GO:0050789', 'GO:1904429', 'GO:0009892', 'GO:0033044'}"
GO:1904354,"{'GO:0045934', 'GO:0031323', 'GO:0065007', 'GO:0051053', 'GO:0008150', 'GO:0051172', 'GO:1904353', 'GO:0033043', 'GO:0048523', 'GO:0050789', 'GO:0031324', 'GO:0010639', 'GO:0033044', 'GO:0051171', 'GO:0065008', 'GO:0032205', 'GO:0051129', 'GO:0019219', 'GO:0050794', 'GO:2001251', 'GO:0051052', 'GO:0019222', 'GO:0032204', 'GO:0080090', 'GO:0060255', 'GO:0048519', 'GO:0010605', 'GO:0051128', 'GO:0009892'}"
GO:0032205,"{'GO:0045934', 'GO:0051171', 'GO:0031323', 'GO:0065007', 'GO:0065008', 'GO:0051053', 'GO:0051129', 'GO:0019219', 'GO:0050794', 'GO:0008150', 'GO:2001251', 'GO:0051172', 'GO:0051052', 'GO:0019222', 'GO:0032204', 'GO:0080090', 'GO:0031324', 'GO:0060255', 'GO:0048519', 'GO:0033043', 'GO:0010605', 'GO:0048523', 'GO:0051128', 'GO:0050789', 'GO:0010639', 'GO:0009892', 'GO:0033044'}"
GO:0032208,"{'GO:0045934', 'GO:0072695', 'GO:0031323', 'GO:0065007', 'GO:0051053', 'GO:0008150', 'GO:0051172', 'GO:0032207', 'GO:0033043', 'GO:0048523', 'GO:0031324', 'GO:0050789', 'GO:0045910', 'GO:0010639', 'GO:0033044', 'GO:0051171', 'GO:0000018', 'GO:0065008', 'GO:0032205', 'GO:0051129', 'GO:0019219', 'GO:0050794', 'GO:2001251', 'GO:0051052', 'GO:0045950', 'GO:0019222', 'GO:0032204', 'GO:0080090', 'GO:0048239', 'GO:0060255', 'GO:0048519', 'GO:0010605', 'GO:0051128', 'GO:0000019', 'GO:0009892'}"
GO:0032211,"{'GO:0045934', 'GO:0031323', 'GO:0009889', 'GO:2000279', 'GO:0065007', 'GO:0010558', 'GO:0051053', 'GO:0008150', 'GO:2000113', 'GO:0051172', 'GO:1904356', 'GO:2000112', 'GO:0031326', 'GO:0033043', 'GO:0048523', 'GO:0009892', 'GO:0010556', 'GO:0050789', 'GO:0031324', 'GO:1904357', 'GO:0010639', 'GO:0033044', 'GO:0051171', 'GO:0031327', 'GO:0065008', 'GO:0032205', 'GO:0051129', 'GO:0019219', 'GO:0050794', 'GO:2001251', 'GO:0009890', 'GO:0051052', 'GO:0019222', 'GO:0032204', 'GO:0080090', 'GO:0060255', 'GO:2000278', 'GO:0048519', 'GO:0010605', 'GO:0051128', 'GO:0032210'}"
GO:1904357,"{'GO:0045934', 'GO:0031323', 'GO:0065007', 'GO:0051053', 'GO:0008150', 'GO:0051172', 'GO:1904356', 'GO:0033043', 'GO:0048523', 'GO:0050789', 'GO:0031324', 'GO:0010639', 'GO:0033044', 'GO:0051171', 'GO:0065008', 'GO:0032205', 'GO:0051129', 'GO:0019219', 'GO:0050794', 'GO:2001251', 'GO:0051052', 'GO:0019222', 'GO:0032204', 'GO:0080090', 'GO:0060255', 'GO:0048519', 'GO:0010605', 'GO:0051128', 'GO:0009892'}"
GO:1905839,"{'GO:0045934', 'GO:0031323', 'GO:0065007', 'GO:0051053', 'GO:0008150', 'GO:0051172', 'GO:1904534', 'GO:1905838', 'GO:0033043', 'GO:0048523', 'GO:0050789', 'GO:0031324', 'GO:0010639', 'GO:0033044', 'GO:0051171', 'GO:0065008', 'GO:0032205', 'GO:0051129', 'GO:0019219', 'GO:0050794', 'GO:2001251', 'GO:0051052', 'GO:1904533', 'GO:0019222', 'GO:0032204', 'GO:0080090', 'GO:0060255', 'GO:0048519', 'GO:0010605', 'GO:0051128', 'GO:0009892'}"
GO:0010628,"{'GO:0019222', 'GO:0010468', 'GO:0010604', 'GO:0065007', 'GO:0060255', 'GO:0048518', 'GO:0050789', 'GO:0008150', 'GO:0009893'}"
GO:0051000,"{'GO:0032770', 'GO:0043085', 'GO:0065009', 'GO:0065007', 'GO:0050790', 'GO:0051353', 'GO:0008150', 'GO:0050999', 'GO:0051341', 'GO:0044093', 'GO:0032768'}"
GO:0032206,"{'GO:0051171', 'GO:0051054', 'GO:0031323', 'GO:0065007', 'GO:0065008', 'GO:0051130', 'GO:0019219', 'GO:0050794', 'GO:0008150', 'GO:0009893', 'GO:0051052', 'GO:0051173', 'GO:0048522', 'GO:0010638', 'GO:0019222', 'GO:0032204', 'GO:0010604', 'GO:0080090', 'GO:0060255', 'GO:0048518', 'GO:2001252', 'GO:0033043', 'GO:0051128', 'GO:0031325', 'GO:0045935', 'GO:0050789', 'GO:0033044'}"
GO:0031848,"{'GO:1901360', 'GO:0065007', 'GO:0051276', 'GO:0009987', 'GO:0006807', 'GO:0006725', 'GO:0071704', 'GO:0090304', 'GO:0008150', 'GO:0000723', 'GO:0006974', 'GO:0034641', 'GO:0046483', 'GO:0043247', 'GO:0006139', 'GO:0006259', 'GO:0032200', 'GO:0065008', 'GO:0050896', 'GO:0006996', 'GO:0060249', 'GO:0044237', 'GO:0051716', 'GO:0071840', 'GO:0043170', 'GO:0008152', 'GO:0042592', 'GO:0044238', 'GO:0044260', 'GO:0016043', 'GO:0006950', 'GO:0033554'}"
GO:0070198,"{'GO:0051179', 'GO:0033365', 'GO:0034613', 'GO:0051641', 'GO:0008104', 'GO:0034502', 'GO:0009987', 'GO:0070727', 'GO:0033036', 'GO:0008150'}"
GO:0032204,"{'GO:0051052', 'GO:0051171', 'GO:0019222', 'GO:0031323', 'GO:0065007', 'GO:0080090', 'GO:0065008', 'GO:0060255', 'GO:0050789', 'GO:0033043', 'GO:0051128', 'GO:0019219', 'GO:0050794', 'GO:0008150', 'GO:0033044'}"
GO:0032210,"{'GO:0051171', 'GO:0031323', 'GO:0009889', 'GO:0065007', 'GO:0065008', 'GO:0019219', 'GO:0050794', 'GO:0008150', 'GO:0051052', 'GO:1904356', 'GO:0019222', 'GO:0032204', 'GO:0080090', 'GO:2000112', 'GO:0060255', 'GO:2000278', 'GO:0031326', 'GO:0033043', 'GO:0051128', 'GO:0010556', 'GO:0050789', 'GO:0033044'}"
GO:0006278,"{'GO:1901360', 'GO:0034645', 'GO:0019438', 'GO:0009058', 'GO:0009987', 'GO:0044237', 'GO:0006807', 'GO:0006725', 'GO:0034654', 'GO:0071704', 'GO:0090304', 'GO:0044271', 'GO:0043170', 'GO:0008150', 'GO:0008152', 'GO:0009059', 'GO:0018130', 'GO:0044238', 'GO:1901362', 'GO:0034641', 'GO:0044260', 'GO:1901576', 'GO:0044249', 'GO:0046483', 'GO:0071897', 'GO:0006139', 'GO:0006259'}"
GO:0016233,"{'GO:1901360', 'GO:0065007', 'GO:0032200', 'GO:0051276', 'GO:0006996', 'GO:0065008', 'GO:0009987', 'GO:0060249', 'GO:0044237', 'GO:0006807', 'GO:0006725', 'GO:0071840', 'GO:0071704', 'GO:0090304', 'GO:0043170', 'GO:0008150', 'GO:0008152', 'GO:0042592', 'GO:0044238', 'GO:0000723', 'GO:0034641', 'GO:0044260', 'GO:0016043', 'GO:0046483', 'GO:0006139', 'GO:0006259'}"
GO:0000723,"{'GO:1901360', 'GO:0065007', 'GO:0032200', 'GO:0051276', 'GO:0006996', 'GO:0065008', 'GO:0009987', 'GO:0060249', 'GO:0044237', 'GO:0006807', 'GO:0006725', 'GO:0071840', 'GO:0071704', 'GO:0090304', 'GO:0043170', 'GO:0008150', 'GO:0008152', 'GO:0042592', 'GO:0044238', 'GO:0034641', 'GO:0044260', 'GO:0016043', 'GO:0046483', 'GO:0006139', 'GO:0006259'}"
GO:0061820,"{'GO:1901360', 'GO:0065007', 'GO:0032200', 'GO:0051276', 'GO:0006996', 'GO:0065008', 'GO:0009987', 'GO:0060249', 'GO:0044237', 'GO:0006807', 'GO:0006725', 'GO:0071840', 'GO:0071704', 'GO:0090304', 'GO:0006259', 'GO:0043170', 'GO:0008150', 'GO:0008152', 'GO:0042592', 'GO:0044238', 'GO:0000723', 'GO:0034641', 'GO:0044260', 'GO:0016043', 'GO:0046483', 'GO:0006139', 'GO:0090657'}"
GO:0031627,"{'GO:1901360', 'GO:0065007', 'GO:0032200', 'GO:0051276', 'GO:0006996', 'GO:0065008', 'GO:0009987', 'GO:0060249', 'GO:0044237', 'GO:0006807', 'GO:0006725', 'GO:0071840', 'GO:0071704', 'GO:0090304', 'GO:0043170', 'GO:0008150', 'GO:0008152', 'GO:0042592', 'GO:0044238', 'GO:0000723', 'GO:0034641', 'GO:0044260', 'GO:0016043', 'GO:0046483', 'GO:0006139', 'GO:0006259'}"
GO:0010977,"{'GO:0031345', 'GO:0120035', 'GO:0031344', 'GO:0065007', 'GO:0050794', 'GO:0050789', 'GO:0048519', 'GO:0051129', 'GO:0051128', 'GO:0048523', 'GO:0010975', 'GO:0008150'}"
GO:0035335,"{'GO:0043412', 'GO:0019538', 'GO:0006464', 'GO:0009987', 'GO:0044237', 'GO:0036211', 'GO:0006807', 'GO:0071704', 'GO:0006796', 'GO:0044267', 'GO:0043170', 'GO:0008150', 'GO:0008152', 'GO:0044238', 'GO:0006470', 'GO:0044260', 'GO:0006793', 'GO:0016311', 'GO:1901564'}"
GO:1903078,"{'GO:1903829', 'GO:0065007', 'GO:1904377', 'GO:1903076', 'GO:1905475', 'GO:0050794', 'GO:0008150', 'GO:1905477', 'GO:0032880', 'GO:0048522', 'GO:1904375', 'GO:0060341', 'GO:0032879', 'GO:0048518', 'GO:1903827', 'GO:0050789'}"
GO:0006470,"{'GO:0043412', 'GO:0019538', 'GO:0006464', 'GO:0009987', 'GO:0044237', 'GO:0036211', 'GO:0006807', 'GO:0071704', 'GO:0006796', 'GO:0044267', 'GO:0043170', 'GO:0008150', 'GO:0008152', 'GO:0044238', 'GO:0044260', 'GO:0006793', 'GO:0016311', 'GO:1901564'}"
GO:0032981,"{'GO:0022607', 'GO:0009987', 'GO:0033108', 'GO:0034622', 'GO:0016043', 'GO:0071840', 'GO:0043933', 'GO:0065003', 'GO:0008150', 'GO:0010257'}"
GO:0055114,
GO:0098609,"{'GO:0007155', 'GO:0009987', 'GO:0008150', 'GO:0022610'}"
GO:0034113,"{'GO:0009987', 'GO:0098609', 'GO:0022610', 'GO:0007155', 'GO:0008150'}"
GO:0032715,"{'GO:0051241', 'GO:0065007', 'GO:0001817', 'GO:0032675', 'GO:0010629', 'GO:0008150', 'GO:0019222', 'GO:0001818', 'GO:0010468', 'GO:0051239', 'GO:0060255', 'GO:0048519', 'GO:0010605', 'GO:0050789', 'GO:0009892'}"
GO:0043031,"{'GO:0050865', 'GO:0065007', 'GO:0002682', 'GO:0050794', 'GO:0002694', 'GO:0002683', 'GO:0050789', 'GO:0048519', 'GO:0002695', 'GO:0048523', 'GO:0043030', 'GO:0008150', 'GO:0050866'}"
GO:1905522,"{'GO:0040012', 'GO:0065007', 'GO:0051270', 'GO:0002682', 'GO:0050794', 'GO:2000146', 'GO:0002683', 'GO:0008150', 'GO:0002686', 'GO:0051271', 'GO:0032879', 'GO:0040013', 'GO:0048519', 'GO:0048523', 'GO:0050789', 'GO:2000145', 'GO:1905521', 'GO:0030336', 'GO:0030334', 'GO:0002685'}"
GO:1904465,"{'GO:0043269', 'GO:1904464', 'GO:0065007', 'GO:1903531', 'GO:1904950', 'GO:0008150', 'GO:0032880', 'GO:0002791', 'GO:0002792', 'GO:0051046', 'GO:0043271', 'GO:0048523', 'GO:0050789', 'GO:1903792', 'GO:0051051', 'GO:0051049', 'GO:0051223', 'GO:0051048', 'GO:0050794', 'GO:0050709', 'GO:0050708', 'GO:1903530', 'GO:0070201', 'GO:0044070', 'GO:0032879', 'GO:0048519', 'GO:0090087', 'GO:0051224'}"
GO:0150079,"{'GO:0065007', 'GO:0150077', 'GO:0050727', 'GO:0048583', 'GO:0048585', 'GO:0050728', 'GO:0032101', 'GO:0080134', 'GO:0031347', 'GO:0008150', 'GO:0048519', 'GO:0032102', 'GO:0050789', 'GO:0031348'}"
GO:1901215,"{'GO:0065007', 'GO:0048519', 'GO:0050789', 'GO:0048523', 'GO:0060548', 'GO:0050794', 'GO:0008150', 'GO:0010941', 'GO:1901214'}"
GO:0032088,"{'GO:0051171', 'GO:0006355', 'GO:0065009', 'GO:0031323', 'GO:0009889', 'GO:2001141', 'GO:0065007', 'GO:1903506', 'GO:0019219', 'GO:0050794', 'GO:0008150', 'GO:0051252', 'GO:0051090', 'GO:0019222', 'GO:0010468', 'GO:0043433', 'GO:0080090', 'GO:2000112', 'GO:0044092', 'GO:0060255', 'GO:0031326', 'GO:0010556', 'GO:0050789'}"
GO:2000405,"{'GO:0040012', 'GO:0065007', 'GO:0051270', 'GO:2000146', 'GO:0008150', 'GO:0071675', 'GO:2000401', 'GO:0048523', 'GO:0050789', 'GO:0002685', 'GO:0002682', 'GO:0050794', 'GO:0002683', 'GO:0002686', 'GO:2000402', 'GO:2000404', 'GO:0071676', 'GO:0051271', 'GO:0032879', 'GO:0040013', 'GO:0048519', 'GO:2000145', 'GO:0030336', 'GO:0030334'}"
GO:0150072,"{'GO:0051336', 'GO:0043085', 'GO:0065009', 'GO:0065007', 'GO:0050790', 'GO:0150070', 'GO:0044093', 'GO:0051345', 'GO:0008150'}"
GO:0032793,"{'GO:0051171', 'GO:0006355', 'GO:0065009', 'GO:0031323', 'GO:0009889', 'GO:2001141', 'GO:0051091', 'GO:0065007', 'GO:1903506', 'GO:0019219', 'GO:0050794', 'GO:0008150', 'GO:0051252', 'GO:0051090', 'GO:0019222', 'GO:0010468', 'GO:0080090', 'GO:2000112', 'GO:0060255', 'GO:0031326', 'GO:0044093', 'GO:0010556', 'GO:0050789'}"
GO:0150074,"{'GO:0043085', 'GO:0065009', 'GO:0150073', 'GO:0065007', 'GO:0050790', 'GO:0051347', 'GO:0044093', 'GO:0051338', 'GO:0008150'}"
GO:0071636,"{'GO:0051240', 'GO:0065007', 'GO:0001817', 'GO:0010628', 'GO:0001819', 'GO:0071634', 'GO:0008150', 'GO:0009893', 'GO:0019222', 'GO:0010468', 'GO:0010604', 'GO:0051239', 'GO:0060255', 'GO:0048518', 'GO:0050789'}"
GO:0050776,"{'GO:0065007', 'GO:0002682', 'GO:0048583', 'GO:0050789', 'GO:0008150'}"
GO:0150077,"{'GO:0065007', 'GO:0050727', 'GO:0048583', 'GO:0032101', 'GO:0080134', 'GO:0050789', 'GO:0031347', 'GO:0008150'}"
GO:0051304,"{'GO:0009987', 'GO:0008150', 'GO:0022402'}"
GO:0006265,"{'GO:1901360', 'GO:0051276', 'GO:0006996', 'GO:0009987', 'GO:0044237', 'GO:0006807', 'GO:0006725', 'GO:0071704', 'GO:0090304', 'GO:0071840', 'GO:0043170', 'GO:0008150', 'GO:0008152', 'GO:0071103', 'GO:0044238', 'GO:0034641', 'GO:0044260', 'GO:0016043', 'GO:0046483', 'GO:0006139', 'GO:0006259'}"
GO:0032042,"{'GO:1901360', 'GO:0009987', 'GO:0044237', 'GO:0006807', 'GO:0006725', 'GO:0071704', 'GO:0090304', 'GO:0043170', 'GO:0008150', 'GO:0008152', 'GO:0044238', 'GO:0034641', 'GO:0044260', 'GO:0046483', 'GO:0006139', 'GO:0006259'}"
GO:0002752,"{'GO:0050778', 'GO:0002757', 'GO:0065007', 'GO:0048583', 'GO:0045088', 'GO:0009987', 'GO:0080134', 'GO:0031349', 'GO:0008150', 'GO:0050776', 'GO:0002220', 'GO:0002684', 'GO:0002758', 'GO:0002253', 'GO:0002768', 'GO:0050789', 'GO:0002764', 'GO:0002218', 'GO:0002682', 'GO:0045089', 'GO:0002833', 'GO:0032101', 'GO:0050794', 'GO:0007165', 'GO:0007166', 'GO:0031347', 'GO:0048584', 'GO:0002831', 'GO:0002429', 'GO:0048518', 'GO:0002376', 'GO:0032103', 'GO:0002221'}"
GO:0001867,"{'GO:0050778', 'GO:0051707', 'GO:0065007', 'GO:0002682', 'GO:0050896', 'GO:0048583', 'GO:0002252', 'GO:0045087', 'GO:0008150', 'GO:0050776', 'GO:0006952', 'GO:0009607', 'GO:0002684', 'GO:0006959', 'GO:0006955', 'GO:0048584', 'GO:0009605', 'GO:0043207', 'GO:0098542', 'GO:0048518', 'GO:0044419', 'GO:0002376', 'GO:0002253', 'GO:0006956', 'GO:0050789', 'GO:0006950'}"
GO:0007186,"{'GO:0009987', 'GO:0065007', 'GO:0050789', 'GO:0007165', 'GO:0050794', 'GO:0008150'}"
GO:0046597,"{'GO:1903900', 'GO:0065007', 'GO:0043903', 'GO:1903901', 'GO:0046596', 'GO:0048519', 'GO:0052372', 'GO:0050792', 'GO:0050789', 'GO:0048525', 'GO:0008150'}"
GO:0032757,"{'GO:0051240', 'GO:0001817', 'GO:0065007', 'GO:0010628', 'GO:0001819', 'GO:0032677', 'GO:0008150', 'GO:0009893', 'GO:0019222', 'GO:0010468', 'GO:0051239', 'GO:0010604', 'GO:0060255', 'GO:0048518', 'GO:0050789'}"
GO:0034394,"{'GO:0051179', 'GO:0034613', 'GO:0051641', 'GO:0008104', 'GO:0009987', 'GO:0070727', 'GO:0033036', 'GO:0008150'}"
GO:0043654,"{'GO:0009987', 'GO:0008037', 'GO:0006910', 'GO:0008150'}"
GO:0007015,"{'GO:0097435', 'GO:0009987', 'GO:0016043', 'GO:0071840', 'GO:0008150'}"
GO:0051014,"{'GO:0009987', 'GO:0008150', 'GO:0030029'}"
GO:0008154,"{'GO:0097435', 'GO:0009987', 'GO:0016043', 'GO:0007015', 'GO:0071840', 'GO:0008150'}"
GO:0051016,"{'GO:0090066', 'GO:0065007', 'GO:0032272', 'GO:0009987', 'GO:0030833', 'GO:0043242', 'GO:0008150', 'GO:1902903', 'GO:0031333', 'GO:0030835', 'GO:0044087', 'GO:0051693', 'GO:0030832', 'GO:0033043', 'GO:0048523', 'GO:0050789', 'GO:0008064', 'GO:0010639', 'GO:1901880', 'GO:0051493', 'GO:0065008', 'GO:0032956', 'GO:0030834', 'GO:0043254', 'GO:0030837', 'GO:0051129', 'GO:0110053', 'GO:0071840', 'GO:0032970', 'GO:0050794', 'GO:1902904', 'GO:1901879', 'GO:0048519', 'GO:0032271', 'GO:0032535', 'GO:0051494', 'GO:0051128', 'GO:0016043', 'GO:0043244'}"
GO:0060271,"{'GO:0030031', 'GO:0022607', 'GO:0006996', 'GO:0070925', 'GO:0120036', 'GO:0009987', 'GO:0044782', 'GO:0016043', 'GO:0030030', 'GO:0071840', 'GO:0120031', 'GO:0008150'}"
GO:0007399,"{'GO:0048856', 'GO:0008150', 'GO:0048731', 'GO:0032502'}"
GO:0010592,"{'GO:0044089', 'GO:0120035', 'GO:0031344', 'GO:1902743', 'GO:0065007', 'GO:1902745', 'GO:0051130', 'GO:0050794', 'GO:0008150', 'GO:0120032', 'GO:0010591', 'GO:0048522', 'GO:0060491', 'GO:0120034', 'GO:0044087', 'GO:0048518', 'GO:0031346', 'GO:0051128', 'GO:0050789'}"
GO:0010976,"{'GO:0048522', 'GO:0120035', 'GO:0031344', 'GO:0065007', 'GO:0050794', 'GO:0048518', 'GO:0031346', 'GO:0051130', 'GO:0010975', 'GO:0051128', 'GO:0050789', 'GO:0008150'}"
GO:1900480,"{'GO:0019216', 'GO:0019222', 'GO:0031323', 'GO:0009889', 'GO:0065007', 'GO:0080090', 'GO:0050789', 'GO:0031326', 'GO:0046890', 'GO:0050794', 'GO:0008150'}"
GO:0001568,"{'GO:0048856', 'GO:0008150', 'GO:0032502'}"
GO:0016132,"{'GO:0006629', 'GO:0016131', 'GO:1901360', 'GO:0065007', 'GO:0009058', 'GO:0065008', 'GO:0016129', 'GO:0071704', 'GO:1901617', 'GO:0120178', 'GO:0008150', 'GO:0008152', 'GO:0044238', 'GO:0006694', 'GO:0008610', 'GO:0042445', 'GO:1901362', 'GO:0008202', 'GO:1901615', 'GO:1901576', 'GO:0010817', 'GO:0016128', 'GO:0042446'}"
GO:0006695,"{'GO:0006629', 'GO:1901360', 'GO:0008203', 'GO:1902652', 'GO:0016126', 'GO:0009058', 'GO:0046165', 'GO:0071704', 'GO:1901617', 'GO:0016125', 'GO:0008150', 'GO:0008152', 'GO:0044238', 'GO:0006694', 'GO:0008610', 'GO:0006066', 'GO:0044281', 'GO:0008202', 'GO:1901615', 'GO:1901362', 'GO:1901576', 'GO:0044283', 'GO:1902653'}"
GO:0030324,"{'GO:0048513', 'GO:0048856', 'GO:0008150', 'GO:0032502'}"
GO:0035264,"{'GO:0040007', 'GO:0048589', 'GO:0032502', 'GO:0032501', 'GO:0008150'}"
GO:0009791,"{'GO:0008150', 'GO:0032501'}"
GO:0042127,"{'GO:0050794', 'GO:0065007', 'GO:0008150', 'GO:0050789'}"
GO:0045540,"{'GO:1902930', 'GO:0019216', 'GO:0009889', 'GO:0065007', 'GO:0106118', 'GO:0050810', 'GO:0046890', 'GO:0019218', 'GO:0008150', 'GO:0019222', 'GO:0080090', 'GO:0050789', 'GO:0062012', 'GO:0090181'}"
GO:0016126,"{'GO:0006629', 'GO:1901360', 'GO:0009058', 'GO:0071704', 'GO:1901617', 'GO:0016125', 'GO:0008150', 'GO:0008152', 'GO:0044238', 'GO:0006694', 'GO:0008610', 'GO:0008202', 'GO:1901615', 'GO:1901362', 'GO:1901576'}"
GO:0008283,"{'GO:0009987', 'GO:0008150'}"
GO:0034982,"{'GO:0016485', 'GO:0019538', 'GO:0006807', 'GO:0009987', 'GO:0044237', 'GO:0071704', 'GO:0044267', 'GO:0043170', 'GO:0008150', 'GO:0008152', 'GO:0044238', 'GO:0044260', 'GO:0051604', 'GO:0006508', 'GO:1901564'}"
GO:0034214,"{'GO:0051259', 'GO:0022607', 'GO:0009987', 'GO:0016043', 'GO:0071840', 'GO:0043933', 'GO:0065003', 'GO:0008150'}"
GO:0006515,"{'GO:0044238', 'GO:0019538', 'GO:0006807', 'GO:0071704', 'GO:0006508', 'GO:0043170', 'GO:0051603', 'GO:0008150', 'GO:0008152', 'GO:1901564'}"
GO:0006508,"{'GO:0044238', 'GO:0019538', 'GO:0006807', 'GO:0071704', 'GO:0043170', 'GO:0008150', 'GO:0008152', 'GO:1901564'}"
GO:0002250,"{'GO:0002376', 'GO:0008150', 'GO:0050896', 'GO:0006955'}"
GO:0006955,"{'GO:0002376', 'GO:0008150', 'GO:0050896'}"
GO:0002377,"{'GO:0002440', 'GO:0002376', 'GO:0071704', 'GO:0010467', 'GO:0043170', 'GO:0008150', 'GO:0008152'}"
GO:0006820,"{'GO:0051234', 'GO:0006811', 'GO:0051179', 'GO:0006810', 'GO:0008150'}"
GO:0015701,"{'GO:0006811', 'GO:0006820', 'GO:0051179', 'GO:0006810', 'GO:0051234', 'GO:0015711', 'GO:0071702', 'GO:0008150'}"
GO:0007596,"{'GO:0050878', 'GO:0007599', 'GO:0050817', 'GO:0065007', 'GO:0008150', 'GO:0065008', 'GO:0032501'}"
GO:0006821,"{'GO:0051234', 'GO:0015698', 'GO:0006811', 'GO:0006820', 'GO:0051179', 'GO:0006810', 'GO:0008150'}"
GO:0048821,"{'GO:0009987', 'GO:0048869', 'GO:0032502', 'GO:0061515', 'GO:0048856', 'GO:0008150', 'GO:0048468'}"
GO:0050801,"{'GO:0048878', 'GO:0042592', 'GO:0065007', 'GO:0008150', 'GO:0065008'}"
GO:1904539,"{'GO:0045934', 'GO:0042326', 'GO:0045820', 'GO:0031323', 'GO:0065007', 'GO:0009894', 'GO:0043467', 'GO:0019220', 'GO:1900542', 'GO:0043470', 'GO:0051174', 'GO:0042325', 'GO:0008150', 'GO:0051172', 'GO:0010677', 'GO:1900543', 'GO:0045936', 'GO:0006109', 'GO:0006110', 'GO:0048523', 'GO:0031324', 'GO:0050789', 'GO:0051171', 'GO:0010675', 'GO:0045980', 'GO:0062014', 'GO:0006140', 'GO:0019219', 'GO:0050794', 'GO:1904538', 'GO:1903578', 'GO:0010563', 'GO:0009895', 'GO:0019222', 'GO:0080090', 'GO:0048519', 'GO:0045912', 'GO:1903579', 'GO:0062012', 'GO:0009892'}"
GO:0051354,"{'GO:0043086', 'GO:0065009', 'GO:0065007', 'GO:0051341', 'GO:0044092', 'GO:0050790', 'GO:0008150'}"
GO:0035811,"{'GO:0003008', 'GO:0065007', 'GO:0065008', 'GO:0032501', 'GO:0050878', 'GO:0003014', 'GO:0035809', 'GO:0008150'}"
GO:0045852,"{'GO:0042592', 'GO:0006885', 'GO:0065007', 'GO:0065008', 'GO:0048878', 'GO:0055080', 'GO:0050801', 'GO:0098771', 'GO:0008150', 'GO:0055067'}"
GO:0017121,"{'GO:0006820', 'GO:0065007', 'GO:0065008', 'GO:0051234', 'GO:0009987', 'GO:0061024', 'GO:0071840', 'GO:0008150', 'GO:0006811', 'GO:0097035', 'GO:0051179', 'GO:0006869', 'GO:0015914', 'GO:0045332', 'GO:0034204', 'GO:0006810', 'GO:0007009', 'GO:0071702', 'GO:0016043', 'GO:0015748'}"
GO:0042102,"{'GO:0065007', 'GO:0070663', 'GO:0002694', 'GO:0051249', 'GO:0008150', 'GO:0050671', 'GO:0032944', 'GO:0051251', 'GO:0042127', 'GO:0048522', 'GO:0002684', 'GO:0050670', 'GO:0050789', 'GO:0050865', 'GO:0002682', 'GO:0032946', 'GO:0050870', 'GO:1903037', 'GO:0050794', 'GO:0030155', 'GO:0045785', 'GO:0042129', 'GO:0002696', 'GO:0048518', 'GO:0022407', 'GO:0022409', 'GO:0050863', 'GO:1903039', 'GO:0008284', 'GO:0050867', 'GO:0070665'}"
GO:0072659,"{'GO:1990778', 'GO:0051179', 'GO:0034613', 'GO:0051641', 'GO:0008104', 'GO:0072657', 'GO:0009987', 'GO:0070727', 'GO:0033036', 'GO:0008150'}"
GO:0051453,"{'GO:0030004', 'GO:0065007', 'GO:0019725', 'GO:0065008', 'GO:0030641', 'GO:0055080', 'GO:0009987', 'GO:0006873', 'GO:0008150', 'GO:0055067', 'GO:0030003', 'GO:0042592', 'GO:0006885', 'GO:0048878', 'GO:0050801', 'GO:0055082', 'GO:0098771'}"
GO:0014823,"{'GO:0008150', 'GO:0050896'}"
GO:0046685,"{'GO:0008150', 'GO:0042221', 'GO:0050896'}"
GO:0010037,"{'GO:0042221', 'GO:1901700', 'GO:0050896', 'GO:0010033', 'GO:0008150'}"
GO:0042542,"{'GO:0042221', 'GO:0010035', 'GO:0050896', 'GO:1901700', 'GO:0000302', 'GO:0006979', 'GO:0008150', 'GO:0006950'}"
GO:0055085,"{'GO:0051179', 'GO:0006810', 'GO:0051234', 'GO:0009987', 'GO:0008150'}"
GO:0097191,"{'GO:0065007', 'GO:0050794', 'GO:0009987', 'GO:0097190', 'GO:0050789', 'GO:0007165', 'GO:0007166', 'GO:0008150'}"
GO:0043000,"{'GO:0098876', 'GO:1990778', 'GO:0006820', 'GO:0090150', 'GO:0034613', 'GO:0033036', 'GO:0051641', 'GO:0009987', 'GO:0072657', 'GO:0070727', 'GO:0051234', 'GO:0015031', 'GO:0072659', 'GO:0008150', 'GO:0071705', 'GO:0006811', 'GO:0051179', 'GO:0042886', 'GO:0006893', 'GO:0016192', 'GO:0006810', 'GO:0015833', 'GO:0045184', 'GO:0061951', 'GO:0008104', 'GO:0048193', 'GO:0071702', 'GO:0006892', 'GO:0043001'}"
GO:0097284,"{'GO:0009987', 'GO:1904019', 'GO:0012501', 'GO:0008150', 'GO:0008219', 'GO:0006915'}"
GO:0045104,"{'GO:0006996', 'GO:0007010', 'GO:0009987', 'GO:0016043', 'GO:0071840', 'GO:0045103', 'GO:0008150'}"
GO:0033209,"{'GO:0065007', 'GO:0050794', 'GO:0009987', 'GO:0050789', 'GO:0019221', 'GO:0007166', 'GO:0008150', 'GO:0007165'}"
GO:0048513,"{'GO:0048856', 'GO:0008150', 'GO:0032502'}"
GO:0071469,"{'GO:0104004', 'GO:0071214', 'GO:0050896', 'GO:0009987', 'GO:0009628', 'GO:0051716', 'GO:0010446', 'GO:0009268', 'GO:0008150', 'GO:0071467'}"
GO:0032869,"{'GO:0071310', 'GO:0010033', 'GO:0009987', 'GO:0043434', 'GO:0008150', 'GO:0042221', 'GO:1901653', 'GO:0032870', 'GO:0009719', 'GO:0070887', 'GO:0071375', 'GO:0071417', 'GO:1901652', 'GO:1901700', 'GO:0050896', 'GO:1901699', 'GO:0051716', 'GO:1901698', 'GO:0071495', 'GO:1901701', 'GO:0009725', 'GO:0032868', 'GO:0010243'}"
GO:0097067,"{'GO:0071310', 'GO:0050896', 'GO:0010033', 'GO:0009987', 'GO:0051716', 'GO:0008150', 'GO:0042221', 'GO:0097066', 'GO:0032870', 'GO:0071495', 'GO:0009719', 'GO:0070887', 'GO:0009725'}"
GO:0007565,"{'GO:0044706', 'GO:0022414', 'GO:0044703', 'GO:0032501', 'GO:0051704', 'GO:0008150'}"
GO:0060396,"{'GO:0007167', 'GO:0065007', 'GO:0007169', 'GO:0050789', 'GO:0009987', 'GO:0050794', 'GO:0007165', 'GO:0007166', 'GO:0008150'}"
GO:0048286,"{'GO:0048856', 'GO:0008150', 'GO:0032502'}"
GO:0007405,"{'GO:0009987', 'GO:0061351', 'GO:0008150', 'GO:0008283'}"
GO:0010828,"{'GO:0051049', 'GO:0010827', 'GO:0043269', 'GO:0043270', 'GO:0065007', 'GO:0051050', 'GO:0034764', 'GO:1903959', 'GO:0050794', 'GO:1903793', 'GO:0008150', 'GO:0048522', 'GO:0044070', 'GO:0034767', 'GO:0032879', 'GO:0048518', 'GO:1903961', 'GO:0034765', 'GO:0050789', 'GO:0034762'}"
GO:0045927,"{'GO:0065007', 'GO:0040008', 'GO:0048518', 'GO:0050789', 'GO:0008150'}"
GO:0040018,"{'GO:0040014', 'GO:0051239', 'GO:0065007', 'GO:0048639', 'GO:0051094', 'GO:0051240', 'GO:0040008', 'GO:0048518', 'GO:0050793', 'GO:0048638', 'GO:0045927', 'GO:0050789', 'GO:0008150'}"
GO:0050769,"{'GO:0045597', 'GO:0060284', 'GO:0051240', 'GO:0065007', 'GO:0051962', 'GO:0050793', 'GO:0010720', 'GO:0050794', 'GO:0051094', 'GO:0008150', 'GO:0048522', 'GO:0051239', 'GO:0045595', 'GO:2000026', 'GO:0048518', 'GO:0051960', 'GO:0050789', 'GO:0050767'}"
GO:0046427,"{'GO:0023056', 'GO:0065007', 'GO:0010647', 'GO:0048583', 'GO:1904894', 'GO:0009967', 'GO:0050794', 'GO:0008150', 'GO:0009966', 'GO:0048522', 'GO:0046425', 'GO:1904892', 'GO:0048584', 'GO:0048518', 'GO:0050789', 'GO:0010646', 'GO:0023051'}"
GO:0090031,"{'GO:0090030', 'GO:0009889', 'GO:0031323', 'GO:0065007', 'GO:0008150', 'GO:0048522', 'GO:0031326', 'GO:0046889', 'GO:0031325', 'GO:0010817', 'GO:0050789', 'GO:0009893', 'GO:0031328', 'GO:0019216', 'GO:0050810', 'GO:0065008', 'GO:0046890', 'GO:0045940', 'GO:0032352', 'GO:0019218', 'GO:0032350', 'GO:0050794', 'GO:0009891', 'GO:0045834', 'GO:0019222', 'GO:0080090', 'GO:0046885', 'GO:0048518', 'GO:0010893', 'GO:0046886'}"
GO:0033143,"{'GO:0065007', 'GO:0048583', 'GO:0050789', 'GO:0023051', 'GO:0050794', 'GO:0008150', 'GO:0010646', 'GO:0009966'}"
GO:0034097,"{'GO:0008150', 'GO:0042221', 'GO:0050896', 'GO:0010033'}"
GO:0032355,"{'GO:0042221', 'GO:0014070', 'GO:0050896', 'GO:0010033', 'GO:1901700', 'GO:0033993', 'GO:0008150'}"
GO:0032094,"{'GO:0042221', 'GO:0009991', 'GO:0009605', 'GO:0050896', 'GO:0031667', 'GO:0008150'}"
GO:0009416,"{'GO:0009628', 'GO:0009314', 'GO:0050896', 'GO:0008150'}"
GO:0031667,"{'GO:0009605', 'GO:0008150', 'GO:0009991', 'GO:0050896'}"
GO:0071453,"{'GO:0042221', 'GO:0050896', 'GO:0070887', 'GO:0009987', 'GO:0009628', 'GO:0051716', 'GO:0008150', 'GO:0070482'}"
GO:0006353,"{'GO:0016070', 'GO:1901360', 'GO:0019438', 'GO:0009058', 'GO:0009987', 'GO:0044237', 'GO:0006807', 'GO:0006725', 'GO:0034654', 'GO:0071704', 'GO:0090304', 'GO:0044271', 'GO:0043170', 'GO:0008150', 'GO:0008152', 'GO:0009059', 'GO:0018130', 'GO:0044238', 'GO:1901362', 'GO:0032774', 'GO:0034641', 'GO:1901576', 'GO:0044249', 'GO:0046483', 'GO:0006139'}"
GO:0033120,"{'GO:0031323', 'GO:0065007', 'GO:0010628', 'GO:0008150', 'GO:0048522', 'GO:0010468', 'GO:0051254', 'GO:0031325', 'GO:0045935', 'GO:0050789', 'GO:0009893', 'GO:0051171', 'GO:0043484', 'GO:0019219', 'GO:0050794', 'GO:0051252', 'GO:0051173', 'GO:0019222', 'GO:0010604', 'GO:0080090', 'GO:0060255', 'GO:0048518'}"
GO:0014070,"{'GO:0008150', 'GO:0042221', 'GO:0050896', 'GO:0010033'}"
GO:0006366,"{'GO:0006351', 'GO:0016070', 'GO:1901360', 'GO:0034645', 'GO:0019438', 'GO:0097659', 'GO:0009058', 'GO:0009987', 'GO:0044237', 'GO:0006807', 'GO:0006725', 'GO:0034654', 'GO:0071704', 'GO:0090304', 'GO:0044271', 'GO:0043170', 'GO:0008150', 'GO:0008152', 'GO:0009059', 'GO:0018130', 'GO:0044238', 'GO:1901362', 'GO:0032774', 'GO:0034641', 'GO:0044260', 'GO:1901576', 'GO:0044249', 'GO:0046483', 'GO:0006139'}"
GO:0051965,"{'GO:0044089', 'GO:0051240', 'GO:0065007', 'GO:0051962', 'GO:0050793', 'GO:0051130', 'GO:0050794', 'GO:0051094', 'GO:0008150', 'GO:1901888', 'GO:0051963', 'GO:0048522', 'GO:0051239', 'GO:1901890', 'GO:0044087', 'GO:2000026', 'GO:0048518', 'GO:0051960', 'GO:0050807', 'GO:0051128', 'GO:0050789'}"
GO:0099151,"{'GO:0065007', 'GO:1902115', 'GO:0050794', 'GO:0099175', 'GO:0008150', 'GO:1901888', 'GO:0051963', 'GO:0099150', 'GO:1905874', 'GO:0044087', 'GO:0050807', 'GO:0033043', 'GO:0051128', 'GO:0050789', 'GO:1904889'}"
GO:1905606,"{'GO:0051963', 'GO:0065007', 'GO:0044087', 'GO:0050794', 'GO:0050807', 'GO:0051128', 'GO:0099174', 'GO:0050789', 'GO:0008150', 'GO:1901888'}"
GO:0099560,"{'GO:0009987', 'GO:0098742', 'GO:0098609', 'GO:0022610', 'GO:0007155', 'GO:0008150'}"
GO:0070301,"{'GO:0034599', 'GO:0010035', 'GO:0050896', 'GO:1901700', 'GO:0009987', 'GO:0051716', 'GO:0008150', 'GO:0062197', 'GO:0042221', 'GO:0042542', 'GO:0034614', 'GO:0070887', 'GO:1901701', 'GO:0000302', 'GO:0006979', 'GO:0006950', 'GO:0033554'}"
GO:0071456,"{'GO:0050896', 'GO:0009987', 'GO:0009628', 'GO:0051716', 'GO:0008150', 'GO:0071453', 'GO:0042221', 'GO:0036293', 'GO:0070482', 'GO:0001666', 'GO:0070887', 'GO:0006950', 'GO:0033554', 'GO:0036294'}"
GO:0050892,"{'GO:0051179', 'GO:0003008', 'GO:0006810', 'GO:0032501', 'GO:0051234', 'GO:0022600', 'GO:0008150'}"
GO:0015909,"{'GO:0015908', 'GO:0006811', 'GO:0006820', 'GO:0051179', 'GO:0006869', 'GO:0006810', 'GO:0051234', 'GO:0071702', 'GO:0015849', 'GO:0008150'}"
GO:0043154,"{'GO:0031323', 'GO:0065007', 'GO:0043066', 'GO:0050790', 'GO:0043067', 'GO:0043069', 'GO:0008150', 'GO:0042981', 'GO:0010941', 'GO:2000117', 'GO:0051172', 'GO:0044092', 'GO:0048523', 'GO:0045861', 'GO:0050789', 'GO:0031324', 'GO:0051171', 'GO:0051336', 'GO:0065009', 'GO:0043086', 'GO:0043281', 'GO:0032269', 'GO:0052548', 'GO:0032268', 'GO:2000116', 'GO:0060548', 'GO:0050794', 'GO:0052547', 'GO:0019222', 'GO:0051346', 'GO:0030162', 'GO:0080090', 'GO:0060255', 'GO:0048519', 'GO:0010951', 'GO:0051246', 'GO:0051248', 'GO:0010466', 'GO:0010605', 'GO:0009892'}"
GO:0032000,"{'GO:0031323', 'GO:0065007', 'GO:0009894', 'GO:0031331', 'GO:0031329', 'GO:0010565', 'GO:0008150', 'GO:0062013', 'GO:0048522', 'GO:0045923', 'GO:0031325', 'GO:0009893', 'GO:0050789', 'GO:0019216', 'GO:0031998', 'GO:0046321', 'GO:0050994', 'GO:0019217', 'GO:0050794', 'GO:0009896', 'GO:0045834', 'GO:0019222', 'GO:0050996', 'GO:0080090', 'GO:0048518', 'GO:0046320', 'GO:0062012'}"
GO:0051345,"{'GO:0051336', 'GO:0043085', 'GO:0065009', 'GO:0065007', 'GO:0050790', 'GO:0044093', 'GO:0008150'}"
GO:0019373,"{'GO:0006629', 'GO:0006690', 'GO:0032787', 'GO:0001676', 'GO:0009987', 'GO:0044237', 'GO:0044255', 'GO:0071704', 'GO:0008150', 'GO:0019369', 'GO:0120254', 'GO:0008152', 'GO:0044238', 'GO:0006082', 'GO:0044281', 'GO:0043436', 'GO:0006631', 'GO:0033559', 'GO:0019752'}"
GO:0042738,"{'GO:0044248', 'GO:0017144', 'GO:0042737', 'GO:0009056', 'GO:0009987', 'GO:0044237', 'GO:0008150', 'GO:0008152'}"
GO:0006082,"{'GO:0009987', 'GO:0044237', 'GO:0071704', 'GO:0044281', 'GO:0008150', 'GO:0008152'}"
GO:0035634,"{'GO:0042221', 'GO:0014070', 'GO:0008150', 'GO:0050896', 'GO:0010033'}"
GO:0006805,"{'GO:0009987', 'GO:0044237', 'GO:0008150', 'GO:0008152'}"
GO:0006730,"{'GO:0044281', 'GO:0009987', 'GO:0044237', 'GO:0008150', 'GO:0008152'}"
GO:0001525,"{'GO:0048646', 'GO:0008150', 'GO:0032502'}"
GO:0008219,"{'GO:0009987', 'GO:0008150'}"
GO:0006879,"{'GO:0065007', 'GO:0019725', 'GO:0065008', 'GO:0055080', 'GO:0009987', 'GO:0006873', 'GO:0008150', 'GO:0055076', 'GO:0030003', 'GO:0006875', 'GO:0042592', 'GO:0055072', 'GO:0046916', 'GO:0055065', 'GO:0048878', 'GO:0050801', 'GO:0055082', 'GO:0098771'}"
GO:0071243,"{'GO:0042221', 'GO:0046685', 'GO:0050896', 'GO:0070887', 'GO:0009987', 'GO:0051716', 'GO:0008150'}"
GO:0071276,"{'GO:0071241', 'GO:0010038', 'GO:0042221', 'GO:0050896', 'GO:0010035', 'GO:0070887', 'GO:0009987', 'GO:0051716', 'GO:0071248', 'GO:0008150', 'GO:0046686'}"
GO:0072719,"{'GO:0042221', 'GO:0050896', 'GO:0070887', 'GO:0009987', 'GO:0051716', 'GO:0072718', 'GO:0008150'}"
GO:0034605,"{'GO:0009266', 'GO:0050896', 'GO:0009408', 'GO:0009987', 'GO:0009628', 'GO:0051716', 'GO:0008150', 'GO:0006950', 'GO:0033554'}"
GO:0031670,"{'GO:0042221', 'GO:0009991', 'GO:0007584', 'GO:0031668', 'GO:0009605', 'GO:0050896', 'GO:0031669', 'GO:0070887', 'GO:0009987', 'GO:0051716', 'GO:0031667', 'GO:0071496', 'GO:0008150', 'GO:0007154'}"
GO:0034101,"{'GO:0002376', 'GO:0042592', 'GO:0065007', 'GO:0008150', 'GO:0065008', 'GO:0002262', 'GO:0048872'}"
GO:0042167,"{'GO:0006787', 'GO:0042440', 'GO:1901360', 'GO:1901361', 'GO:0033013', 'GO:0009056', 'GO:0033015', 'GO:0046149', 'GO:0009987', 'GO:0044237', 'GO:0006807', 'GO:0006725', 'GO:0071704', 'GO:0046700', 'GO:0008150', 'GO:0008152', 'GO:0044248', 'GO:0044270', 'GO:1901575', 'GO:0034641', 'GO:0019439', 'GO:0006778', 'GO:0046483', 'GO:0042168', 'GO:1901565', 'GO:1901564'}"
GO:0042168,"{'GO:0042440', 'GO:1901360', 'GO:0033013', 'GO:0046483', 'GO:0009987', 'GO:0044237', 'GO:0006807', 'GO:0006725', 'GO:0006778', 'GO:0071704', 'GO:0008150', 'GO:0008152', 'GO:1901564'}"
GO:0006788,"{'GO:0042440', 'GO:1901360', 'GO:0033013', 'GO:0009987', 'GO:0044237', 'GO:0006807', 'GO:0006725', 'GO:0042168', 'GO:0046483', 'GO:0006778', 'GO:0071704', 'GO:0008150', 'GO:0008152', 'GO:1901564'}"
GO:0035556,"{'GO:0009987', 'GO:0065007', 'GO:0050789', 'GO:0007165', 'GO:0050794', 'GO:0008150'}"
GO:0008630,"{'GO:0097193', 'GO:0006974', 'GO:0065007', 'GO:0035556', 'GO:0050896', 'GO:0050789', 'GO:0009987', 'GO:0097190', 'GO:0051716', 'GO:0050794', 'GO:0007165', 'GO:0008150', 'GO:0006950', 'GO:0033554'}"
GO:0055072,"{'GO:0042592', 'GO:0065007', 'GO:0055065', 'GO:0065008', 'GO:0048878', 'GO:0055080', 'GO:0050801', 'GO:0098771', 'GO:0008150', 'GO:0055076'}"
GO:0097421,"{'GO:0048732', 'GO:0032502', 'GO:0001889', 'GO:0031100', 'GO:0048513', 'GO:0048856', 'GO:0008150', 'GO:0031099'}"
GO:0043392,"{'GO:0051100', 'GO:0065009', 'GO:0065007', 'GO:0044092', 'GO:0051101', 'GO:0051098', 'GO:0008150'}"
GO:0043433,"{'GO:0051171', 'GO:0006355', 'GO:0065009', 'GO:0031323', 'GO:0009889', 'GO:2001141', 'GO:0065007', 'GO:1903506', 'GO:0019219', 'GO:0050794', 'GO:0008150', 'GO:0051252', 'GO:0051090', 'GO:0019222', 'GO:0010468', 'GO:0080090', 'GO:2000112', 'GO:0044092', 'GO:0060255', 'GO:0031326', 'GO:0010556', 'GO:0050789'}"
GO:1904036,"{'GO:0065007', 'GO:0043066', 'GO:0048519', 'GO:0050789', 'GO:0043067', 'GO:0008150', 'GO:0048523', 'GO:1904035', 'GO:0060548', 'GO:0050794', 'GO:0043069', 'GO:0042981', 'GO:0010941'}"
GO:1902042,"{'GO:0065007', 'GO:0043066', 'GO:0048583', 'GO:0043067', 'GO:2001234', 'GO:0043069', 'GO:0008150', 'GO:0042981', 'GO:0009966', 'GO:0010941', 'GO:2001236', 'GO:0048523', 'GO:0050789', 'GO:0010646', 'GO:0010648', 'GO:0023057', 'GO:0048585', 'GO:0060548', 'GO:0050794', 'GO:0009968', 'GO:2001237', 'GO:2001233', 'GO:0048519', 'GO:1902041', 'GO:0023051'}"
GO:0016242,"{'GO:0031323', 'GO:0065007', 'GO:0009894', 'GO:0010507', 'GO:0031329', 'GO:0050794', 'GO:0008150', 'GO:0009895', 'GO:0019222', 'GO:0016241', 'GO:0048519', 'GO:0050789', 'GO:0031330', 'GO:0048523', 'GO:0031324', 'GO:0010506', 'GO:0009892'}"
GO:0032764,"{'GO:0002700', 'GO:0051241', 'GO:0065007', 'GO:0002682', 'GO:0001817', 'GO:0010629', 'GO:0032763', 'GO:0008150', 'GO:0002698', 'GO:0002683', 'GO:0002719', 'GO:0019222', 'GO:0010468', 'GO:0001818', 'GO:0051239', 'GO:0002697', 'GO:0002701', 'GO:0060255', 'GO:0048519', 'GO:0010605', 'GO:0050789', 'GO:0002718', 'GO:0009892'}"
GO:0043305,"{'GO:0043304', 'GO:0017157', 'GO:0065007', 'GO:0033003', 'GO:0002694', 'GO:0048583', 'GO:0002699', 'GO:1903531', 'GO:0008150', 'GO:0050776', 'GO:0050866', 'GO:0002684', 'GO:0050777', 'GO:0060627', 'GO:0002704', 'GO:1903305', 'GO:0002695', 'GO:0051046', 'GO:0048523', 'GO:0050789', 'GO:0033007', 'GO:0043300', 'GO:0051049', 'GO:0051051', 'GO:0050865', 'GO:0002682', 'GO:0043301', 'GO:0002886', 'GO:0048585', 'GO:0051048', 'GO:0050794', 'GO:0002683', 'GO:0002698', 'GO:0002703', 'GO:1903530', 'GO:0002887', 'GO:0033004', 'GO:1903306', 'GO:0002697', 'GO:0060341', 'GO:0048518', 'GO:0032879', 'GO:0048519', 'GO:0033006', 'GO:0045920'}"
GO:0010656,"{'GO:0065007', 'GO:0043066', 'GO:0050789', 'GO:0048519', 'GO:0043067', 'GO:0008150', 'GO:0048523', 'GO:0060548', 'GO:0050794', 'GO:0043069', 'GO:0042981', 'GO:0010941', 'GO:0010660'}"
GO:0048662,"{'GO:0042127', 'GO:0048660', 'GO:0065007', 'GO:0050789', 'GO:0048519', 'GO:0048523', 'GO:0050794', 'GO:0008150', 'GO:0008285'}"
GO:1904706,"{'GO:0042127', 'GO:0048660', 'GO:0048662', 'GO:0065007', 'GO:0050794', 'GO:0048519', 'GO:1904705', 'GO:0048523', 'GO:0050789', 'GO:0008150', 'GO:0008285'}"
GO:0045766,"{'GO:0045765', 'GO:1901342', 'GO:0051239', 'GO:0065007', 'GO:0051240', 'GO:2000026', 'GO:0048518', 'GO:0022603', 'GO:0050793', 'GO:1904018', 'GO:0050789', 'GO:0051094', 'GO:0008150'}"
GO:0043065,"{'GO:0048522', 'GO:0042981', 'GO:0065007', 'GO:0050794', 'GO:0010942', 'GO:0048518', 'GO:0043068', 'GO:0043067', 'GO:0050789', 'GO:0008150', 'GO:0010941'}"
GO:1903589,"{'GO:0042127', 'GO:0048522', 'GO:0065007', 'GO:0001938', 'GO:0001936', 'GO:0050678', 'GO:0048518', 'GO:0050789', 'GO:1903587', 'GO:0050679', 'GO:0050794', 'GO:0008284', 'GO:0008150'}"
GO:0090050,"{'GO:0040012', 'GO:0065007', 'GO:0051270', 'GO:0043536', 'GO:0008150', 'GO:0043535', 'GO:0048522', 'GO:0030335', 'GO:0051239', 'GO:0050789', 'GO:0010595', 'GO:0010594', 'GO:0010634', 'GO:0051272', 'GO:0050794', 'GO:2000147', 'GO:0090049', 'GO:0010632', 'GO:0040017', 'GO:0032879', 'GO:0048518', 'GO:2000145', 'GO:0030334'}"
GO:0016239,"{'GO:0031323', 'GO:0065007', 'GO:0009894', 'GO:0031331', 'GO:0010508', 'GO:0031329', 'GO:0050794', 'GO:0008150', 'GO:0009896', 'GO:0048522', 'GO:0019222', 'GO:0016241', 'GO:0048518', 'GO:0050789', 'GO:0031325', 'GO:0009893', 'GO:0010506'}"
GO:0048661,"{'GO:0042127', 'GO:0048522', 'GO:0048660', 'GO:0065007', 'GO:0048518', 'GO:0050789', 'GO:0050794', 'GO:0008284', 'GO:0008150'}"
GO:0008217,"{'GO:0065007', 'GO:0008150', 'GO:0065008'}"
GO:0051090,"{'GO:0051171', 'GO:0006355', 'GO:0031323', 'GO:0009889', 'GO:2001141', 'GO:0065009', 'GO:0065007', 'GO:1903506', 'GO:0019219', 'GO:0050794', 'GO:0008150', 'GO:0051252', 'GO:0019222', 'GO:0010468', 'GO:0080090', 'GO:2000112', 'GO:0060255', 'GO:0031326', 'GO:0010556', 'GO:0050789'}"
GO:0034395,"{'GO:0051171', 'GO:0006355', 'GO:0031323', 'GO:0009889', 'GO:2001141', 'GO:0065007', 'GO:1903506', 'GO:0006357', 'GO:0019219', 'GO:0050794', 'GO:0008150', 'GO:0051252', 'GO:0019222', 'GO:0010468', 'GO:0080090', 'GO:2000112', 'GO:0060255', 'GO:0031326', 'GO:0010556', 'GO:0050789'}"
GO:0043619,"{'GO:0051171', 'GO:0006355', 'GO:0031323', 'GO:0009889', 'GO:0043620', 'GO:2001141', 'GO:0065007', 'GO:1903506', 'GO:0050896', 'GO:0006357', 'GO:0009987', 'GO:0019219', 'GO:0051716', 'GO:0050794', 'GO:0008150', 'GO:0051252', 'GO:0043618', 'GO:0019222', 'GO:0010468', 'GO:0080090', 'GO:2000112', 'GO:0060255', 'GO:0031326', 'GO:0010556', 'GO:0050789', 'GO:0006950', 'GO:0033554'}"
GO:0043627,"{'GO:0009725', 'GO:0042221', 'GO:0050896', 'GO:0008150', 'GO:0009719', 'GO:0010033'}"
GO:0001666,"{'GO:0009628', 'GO:0036293', 'GO:0008150', 'GO:0006950', 'GO:0050896', 'GO:0070482'}"
GO:0035094,"{'GO:0008150', 'GO:0042221', 'GO:0050896'}"
GO:0006979,"{'GO:0008150', 'GO:0006950', 'GO:0050896'}"
GO:0007264,"{'GO:0050794', 'GO:0009987', 'GO:0008150', 'GO:0050789', 'GO:0065007', 'GO:0035556', 'GO:0007165'}"
GO:0002246,"{'GO:0042060', 'GO:0009611', 'GO:0008150', 'GO:0006950', 'GO:0050896'}"
GO:0007411,"{'GO:0006928', 'GO:0009987', 'GO:0008150', 'GO:0097485'}"
GO:0046697,"{'GO:0032502', 'GO:0022414', 'GO:0003006', 'GO:0048856', 'GO:0008150', 'GO:0009888'}"
GO:0070593,"{'GO:0009987', 'GO:0008037', 'GO:0008150', 'GO:0008038'}"
GO:0007566,"{'GO:0022414', 'GO:0008150'}"
GO:0061154,"{'GO:0032502', 'GO:0009653', 'GO:0003159', 'GO:0060562', 'GO:0035239', 'GO:0002009', 'GO:0008150', 'GO:0048729'}"
GO:0007156,"{'GO:0009987', 'GO:0098742', 'GO:0098609', 'GO:0022610', 'GO:0007155', 'GO:0008150'}"
GO:0003407,"{'GO:0048856', 'GO:0008150', 'GO:0032502'}"
GO:0045494,"{'GO:0008150', 'GO:0032501'}"
GO:0010595,"{'GO:0010594', 'GO:0040012', 'GO:0065007', 'GO:0051270', 'GO:0010634', 'GO:0051272', 'GO:0050794', 'GO:2000147', 'GO:0008150', 'GO:0010632', 'GO:0048522', 'GO:0030335', 'GO:0051239', 'GO:0040017', 'GO:0032879', 'GO:0048518', 'GO:0050789', 'GO:2000145', 'GO:0030334'}"
GO:0032755,"{'GO:0051240', 'GO:0065007', 'GO:0001817', 'GO:0010628', 'GO:0001819', 'GO:0032675', 'GO:0008150', 'GO:0009893', 'GO:0019222', 'GO:0010468', 'GO:0010604', 'GO:0051239', 'GO:0060255', 'GO:0048518', 'GO:0050789'}"
GO:1904466,"{'GO:0043269', 'GO:1904464', 'GO:0043270', 'GO:0065007', 'GO:0051050', 'GO:1904951', 'GO:0008150', 'GO:0032880', 'GO:0048522', 'GO:0002791', 'GO:0051046', 'GO:0002793', 'GO:0050789', 'GO:0051049', 'GO:1903532', 'GO:0051047', 'GO:0051223', 'GO:0050714', 'GO:1903793', 'GO:0050794', 'GO:0050708', 'GO:1903530', 'GO:0070201', 'GO:0044070', 'GO:0051222', 'GO:0032879', 'GO:0048518', 'GO:0090087'}"
GO:0010575,"{'GO:0051240', 'GO:0001817', 'GO:0065007', 'GO:0010628', 'GO:0001819', 'GO:0010574', 'GO:0008150', 'GO:0009893', 'GO:0019222', 'GO:0010468', 'GO:0051239', 'GO:0010604', 'GO:0060255', 'GO:0048518', 'GO:0050789'}"
GO:0046598,"{'GO:1903900', 'GO:0065007', 'GO:0043903', 'GO:0075294', 'GO:0052372', 'GO:0050792', 'GO:0008150', 'GO:0048524', 'GO:1903902', 'GO:0048518', 'GO:0046596', 'GO:0050789'}"
GO:0051591,"{'GO:0042221', 'GO:0014070', 'GO:0050896', 'GO:0010033', 'GO:1901700', 'GO:0046683', 'GO:0010243', 'GO:0008150', 'GO:1901698', 'GO:0014074'}"
GO:0046689,"{'GO:0010038', 'GO:0042221', 'GO:0050896', 'GO:0008150', 'GO:0010035'}"
GO:0043434,"{'GO:0042221', 'GO:1901652', 'GO:1901700', 'GO:0050896', 'GO:0010033', 'GO:0009725', 'GO:0009719', 'GO:0010243', 'GO:0008150', 'GO:1901698'}"
GO:0043277,"{'GO:0006909', 'GO:0051234', 'GO:0009987', 'GO:0051179', 'GO:0016192', 'GO:0006810', 'GO:0008150'}"
GO:0001974,"{'GO:0048771', 'GO:0008150', 'GO:0032501'}"
GO:0060445,"{'GO:0032502', 'GO:0009653', 'GO:0032501', 'GO:0061138', 'GO:0001763', 'GO:0002009', 'GO:0008150', 'GO:0048729'}"
GO:0018153,"{'GO:0043412', 'GO:0018199', 'GO:0019538', 'GO:0006464', 'GO:0036211', 'GO:0006807', 'GO:0009987', 'GO:0044237', 'GO:0018149', 'GO:0071704', 'GO:0044267', 'GO:0043170', 'GO:0008150', 'GO:0018205', 'GO:0008152', 'GO:0018193', 'GO:0044238', 'GO:0044260', 'GO:0018262', 'GO:1901564'}"
GO:0032471,"{'GO:0032469', 'GO:0065007', 'GO:0019725', 'GO:0065008', 'GO:0055080', 'GO:0009987', 'GO:0072503', 'GO:0006873', 'GO:0055074', 'GO:0008150', 'GO:0030003', 'GO:0006875', 'GO:0042592', 'GO:0006874', 'GO:0055065', 'GO:0048878', 'GO:0050801', 'GO:0055082', 'GO:0072507', 'GO:0098771'}"
GO:0018149,"{'GO:0043412', 'GO:0044238', 'GO:0019538', 'GO:0044260', 'GO:0006464', 'GO:0036211', 'GO:0006807', 'GO:0009987', 'GO:0044237', 'GO:0071704', 'GO:0044267', 'GO:0043170', 'GO:0008150', 'GO:0008152', 'GO:1901564'}"
GO:0007200,"{'GO:0007186', 'GO:0009987', 'GO:0008150', 'GO:0050789', 'GO:0065007', 'GO:0050794', 'GO:0007165'}"
GO:0045785,"{'GO:0048522', 'GO:0065007', 'GO:0050794', 'GO:0048518', 'GO:0050789', 'GO:0030155', 'GO:0008150'}"
GO:0051482,"{'GO:0065007', 'GO:0019725', 'GO:0007204', 'GO:0065008', 'GO:0055080', 'GO:0009987', 'GO:0072503', 'GO:0006873', 'GO:0055074', 'GO:0008150', 'GO:0030003', 'GO:0006875', 'GO:0051480', 'GO:0042592', 'GO:0098771', 'GO:0055065', 'GO:0048878', 'GO:0050801', 'GO:0055082', 'GO:0072507', 'GO:0006874'}"
GO:0043123,"{'GO:0023056', 'GO:1902533', 'GO:0065007', 'GO:0010647', 'GO:0048583', 'GO:0009967', 'GO:0050794', 'GO:0008150', 'GO:0009966', 'GO:0048522', 'GO:0048584', 'GO:0048518', 'GO:0043122', 'GO:1902531', 'GO:0050789', 'GO:0010646', 'GO:0023051'}"
GO:0050729,"{'GO:0065007', 'GO:0048584', 'GO:0050727', 'GO:0048518', 'GO:0048583', 'GO:0032103', 'GO:0031349', 'GO:0032101', 'GO:0080134', 'GO:0050789', 'GO:0031347', 'GO:0008150'}"
GO:0051561,"{'GO:0051560', 'GO:0065007', 'GO:0019725', 'GO:0065008', 'GO:0055080', 'GO:0009987', 'GO:0072503', 'GO:0006873', 'GO:0055074', 'GO:0008150', 'GO:0030003', 'GO:0006875', 'GO:0042592', 'GO:0006874', 'GO:0055065', 'GO:0048878', 'GO:0050801', 'GO:0055082', 'GO:0072507', 'GO:0098771'}"
GO:0060662,"{'GO:0035148', 'GO:0032502', 'GO:0048646', 'GO:0008150', 'GO:0060605'}"
GO:1990830,"{'GO:0071310', 'GO:1990823', 'GO:0071345', 'GO:0050896', 'GO:0010033', 'GO:0009987', 'GO:0051716', 'GO:0008150', 'GO:0042221', 'GO:0070887', 'GO:0034097'}"
GO:0045943,"{'GO:1903508', 'GO:0006355', 'GO:0031323', 'GO:0009889', 'GO:2001141', 'GO:0065007', 'GO:1903506', 'GO:0010628', 'GO:0008150', 'GO:1902680', 'GO:0010557', 'GO:0048522', 'GO:0010468', 'GO:2000112', 'GO:0031326', 'GO:0051254', 'GO:0031325', 'GO:0010556', 'GO:0009893', 'GO:0031328', 'GO:0050789', 'GO:0045935', 'GO:0051171', 'GO:0019219', 'GO:0050794', 'GO:0051252', 'GO:0009891', 'GO:0051173', 'GO:0019222', 'GO:0010604', 'GO:0080090', 'GO:0060255', 'GO:0048518', 'GO:0045893', 'GO:0006356'}"
GO:0000183,"{'GO:0006325', 'GO:0034401', 'GO:0022607', 'GO:0006333', 'GO:0070828', 'GO:0051276', 'GO:0006996', 'GO:0031497', 'GO:0009987', 'GO:0097549', 'GO:0016043', 'GO:0071840', 'GO:0031507', 'GO:0006338', 'GO:0008150'}"
GO:0006360,"{'GO:0006351', 'GO:0016070', 'GO:1901360', 'GO:0034645', 'GO:0019438', 'GO:0097659', 'GO:0009058', 'GO:0009987', 'GO:0044237', 'GO:0006807', 'GO:0006725', 'GO:0034654', 'GO:0071704', 'GO:0090304', 'GO:0044271', 'GO:0043170', 'GO:0008150', 'GO:0008152', 'GO:0009059', 'GO:0018130', 'GO:0044238', 'GO:1901362', 'GO:0032774', 'GO:0034641', 'GO:0044260', 'GO:1901576', 'GO:0044249', 'GO:0046483', 'GO:0006139'}"
GO:0006362,"{'GO:0016070', 'GO:1901360', 'GO:0019438', 'GO:0009058', 'GO:0009987', 'GO:0044237', 'GO:0006807', 'GO:0006725', 'GO:0034654', 'GO:0071704', 'GO:0090304', 'GO:0044271', 'GO:0043170', 'GO:0006354', 'GO:0008150', 'GO:0008152', 'GO:0009059', 'GO:0018130', 'GO:0044238', 'GO:1901362', 'GO:0032774', 'GO:0034641', 'GO:1901576', 'GO:0044249', 'GO:0046483', 'GO:0006139'}"
GO:0006361,"{'GO:0016070', 'GO:1901360', 'GO:0019438', 'GO:0009058', 'GO:0009987', 'GO:0044237', 'GO:0006807', 'GO:0006352', 'GO:0006725', 'GO:0034654', 'GO:0071704', 'GO:0090304', 'GO:0044271', 'GO:0043170', 'GO:0008150', 'GO:0008152', 'GO:0009059', 'GO:0018130', 'GO:0044238', 'GO:1901362', 'GO:0032774', 'GO:0034641', 'GO:1901576', 'GO:0044249', 'GO:0046483', 'GO:0006139'}"
GO:0071320,"{'GO:0071310', 'GO:0071417', 'GO:0050896', 'GO:0010033', 'GO:1901700', 'GO:0009987', 'GO:1901699', 'GO:0051716', 'GO:0008150', 'GO:0071407', 'GO:1901698', 'GO:0042221', 'GO:0014070', 'GO:0071495', 'GO:0009719', 'GO:0070887', 'GO:1901701', 'GO:0051591', 'GO:0046683', 'GO:0010243', 'GO:0014074'}"
GO:1904322,"{'GO:0071310', 'GO:0050896', 'GO:0010033', 'GO:1901700', 'GO:0009987', 'GO:0033993', 'GO:0051716', 'GO:1901655', 'GO:0008150', 'GO:0071407', 'GO:0071396', 'GO:0042221', 'GO:0014070', 'GO:0097306', 'GO:0070887', 'GO:1901701', 'GO:0097305', 'GO:1904321', 'GO:1901654'}"
GO:1902476,"{'GO:0006821', 'GO:0015698', 'GO:0006820', 'GO:0098660', 'GO:0055085', 'GO:0051234', 'GO:0009987', 'GO:0034220', 'GO:0098661', 'GO:0098656', 'GO:0008150', 'GO:0006811', 'GO:0051179', 'GO:0006810'}"
GO:0030301,"{'GO:0006811', 'GO:0015918', 'GO:0006820', 'GO:0051179', 'GO:0006869', 'GO:0015850', 'GO:0006810', 'GO:0051234', 'GO:0071702', 'GO:0008150'}"
GO:0051454,"{'GO:0030004', 'GO:0065007', 'GO:0019725', 'GO:0065008', 'GO:0045852', 'GO:0030641', 'GO:0051453', 'GO:0055080', 'GO:0009987', 'GO:0006873', 'GO:0008150', 'GO:0055067', 'GO:0030003', 'GO:0042592', 'GO:0006885', 'GO:0048878', 'GO:0050801', 'GO:0055082', 'GO:0098771'}"
GO:0015705,"{'GO:0051234', 'GO:0015698', 'GO:0006811', 'GO:0006820', 'GO:0051179', 'GO:0006810', 'GO:0008150'}"
GO:0060081,"{'GO:0065007', 'GO:0008150', 'GO:0042391', 'GO:0065008'}"
GO:0050891,"{'GO:0042592', 'GO:0065007', 'GO:0065008', 'GO:0048871', 'GO:0032501', 'GO:0050878', 'GO:0048878', 'GO:0030104', 'GO:0008150'}"
GO:2000077,"{'GO:0060284', 'GO:0051241', 'GO:0065007', 'GO:0045596', 'GO:0050793', 'GO:0010721', 'GO:0051093', 'GO:0050794', 'GO:0008150', 'GO:0051239', 'GO:0045595', 'GO:0048519', 'GO:2000074', 'GO:0048523', 'GO:0050789'}"
GO:1905460,"{'GO:1905459', 'GO:0065007', 'GO:0043066', 'GO:0043067', 'GO:0060548', 'GO:0050794', 'GO:0043069', 'GO:0042981', 'GO:0008150', 'GO:0010941', 'GO:0010660', 'GO:0034391', 'GO:0034392', 'GO:0048519', 'GO:0010656', 'GO:0048523', 'GO:0050789'}"
GO:0097755,
GO:1902161,"{'GO:0043269', 'GO:0043270', 'GO:0065007', 'GO:0051050', 'GO:0034764', 'GO:0008150', 'GO:0032412', 'GO:0048522', 'GO:0032411', 'GO:0032409', 'GO:0034765', 'GO:0050789', 'GO:0051049', 'GO:0032414', 'GO:0065009', 'GO:1902159', 'GO:0022898', 'GO:0050794', 'GO:0034767', 'GO:0032879', 'GO:0048518', 'GO:0044093', 'GO:0034762'}"
GO:1904446,"{'GO:0045597', 'GO:0060284', 'GO:0065007', 'GO:0050793', 'GO:0010720', 'GO:0050794', 'GO:0008150', 'GO:2000241', 'GO:0051094', 'GO:2000243', 'GO:0048522', 'GO:1904444', 'GO:0045595', 'GO:0048518', 'GO:0050789'}"
GO:0045921,"{'GO:0051049', 'GO:1903532', 'GO:0017157', 'GO:0065007', 'GO:0051050', 'GO:0051047', 'GO:0050794', 'GO:0008150', 'GO:1903530', 'GO:0048522', 'GO:0060627', 'GO:0032879', 'GO:0048518', 'GO:0051046', 'GO:0050789'}"
GO:0035774,"{'GO:0043269', 'GO:0065007', 'GO:0051050', 'GO:1904951', 'GO:0010647', 'GO:0032880', 'GO:0002791', 'GO:0046883', 'GO:0002793', 'GO:0065008', 'GO:0051047', 'GO:0050794', 'GO:0051222', 'GO:0032879', 'GO:0048518', 'GO:0043270', 'GO:0032024', 'GO:0008150', 'GO:0050796', 'GO:0090276', 'GO:0048522', 'GO:0090277', 'GO:0051046', 'GO:0010817', 'GO:0050789', 'GO:0010646', 'GO:0051049', 'GO:0023056', 'GO:1903532', 'GO:0061178', 'GO:0051223', 'GO:0050714', 'GO:1903793', 'GO:0050708', 'GO:1903530', 'GO:0070201', 'GO:0044070', 'GO:0046887', 'GO:0060341', 'GO:0090087', 'GO:0023051'}"
GO:0033005,"{'GO:0048522', 'GO:0002684', 'GO:0050865', 'GO:0065007', 'GO:0002682', 'GO:0033003', 'GO:0002694', 'GO:0002696', 'GO:0050789', 'GO:0048518', 'GO:0050794', 'GO:0008150', 'GO:0050867'}"
GO:1902943,"{'GO:0043269', 'GO:0043270', 'GO:0065007', 'GO:0051050', 'GO:2001225', 'GO:1902941', 'GO:0034764', 'GO:1903959', 'GO:0008150', 'GO:0032412', 'GO:0048522', 'GO:0032411', 'GO:0032409', 'GO:0034765', 'GO:0050789', 'GO:0051049', 'GO:0032414', 'GO:0065009', 'GO:1903797', 'GO:1903795', 'GO:0050794', 'GO:1903793', 'GO:0022898', 'GO:0010359', 'GO:0044070', 'GO:0034767', 'GO:0032879', 'GO:0048518', 'GO:1903961', 'GO:0044093', 'GO:0034762', 'GO:1901529'}"
GO:0034976,"{'GO:0009987', 'GO:0050896', 'GO:0051716', 'GO:0008150', 'GO:0006950', 'GO:0033554'}"
GO:0048240,"{'GO:0071695', 'GO:0032502', 'GO:0022414', 'GO:0022412', 'GO:0009987', 'GO:0021700', 'GO:0048869', 'GO:0003006', 'GO:0048469', 'GO:0008150'}"
GO:0030321,"{'GO:0006821', 'GO:0015698', 'GO:0006811', 'GO:0006820', 'GO:0051179', 'GO:0006810', 'GO:0051234', 'GO:0070633', 'GO:0008150'}"
GO:0035377,"{'GO:0051179', 'GO:0006833', 'GO:0006810', 'GO:0051234', 'GO:0042045', 'GO:0070633', 'GO:0042044', 'GO:0008150'}"
GO:0042311,"{'GO:0035150', 'GO:0003008', 'GO:0090066', 'GO:0065007', 'GO:0065008', 'GO:0035296', 'GO:0032501', 'GO:0003018', 'GO:0008150', 'GO:0003013', 'GO:0097746'}"
GO:0006904,"{'GO:0051179', 'GO:0140056', 'GO:0051640', 'GO:0140029', 'GO:0009987', 'GO:0048278', 'GO:0051641', 'GO:0022406', 'GO:0008150'}"
GO:0006833,"{'GO:0051234', 'GO:0051179', 'GO:0042044', 'GO:0006810', 'GO:0008150'}"
GO:0019882,"{'GO:0002376', 'GO:0008150'}"
GO:0045444,"{'GO:0009987', 'GO:0048869', 'GO:0032502', 'GO:0008150', 'GO:0030154'}"
GO:0010498,"{'GO:0019538', 'GO:0009056', 'GO:0006807', 'GO:0071704', 'GO:0043170', 'GO:0051603', 'GO:0008150', 'GO:0008152', 'GO:0009057', 'GO:0044238', 'GO:1901575', 'GO:0030163', 'GO:0006508', 'GO:1901565', 'GO:1901564'}"
GO:0010499,"{'GO:0019538', 'GO:0009056', 'GO:0006807', 'GO:0071704', 'GO:0043170', 'GO:0051603', 'GO:0008150', 'GO:0008152', 'GO:0010498', 'GO:0009057', 'GO:0044238', 'GO:1901575', 'GO:0030163', 'GO:0006508', 'GO:1901565', 'GO:1901564'}"
GO:0043161,"{'GO:0019538', 'GO:0009056', 'GO:0006511', 'GO:0006807', 'GO:0009987', 'GO:0044237', 'GO:0071704', 'GO:0043170', 'GO:0051603', 'GO:0008150', 'GO:0008152', 'GO:0019941', 'GO:0010498', 'GO:0009057', 'GO:0043632', 'GO:0044248', 'GO:0044238', 'GO:1901575', 'GO:0044260', 'GO:0030163', 'GO:0006508', 'GO:1901565', 'GO:0044265', 'GO:1901564'}"
GO:0071225,"{'GO:0071310', 'GO:0071417', 'GO:1901652', 'GO:1901700', 'GO:0050896', 'GO:0010033', 'GO:0009987', 'GO:1901699', 'GO:0051716', 'GO:0008150', 'GO:1901698', 'GO:0042221', 'GO:1901653', 'GO:0071495', 'GO:0009719', 'GO:0070887', 'GO:1901701', 'GO:0032495', 'GO:0010243'}"
GO:0031663,"{'GO:0009987', 'GO:0008150', 'GO:0050789', 'GO:0065007', 'GO:0007166', 'GO:0050794', 'GO:0007165'}"
GO:0010507,"{'GO:0031323', 'GO:0065007', 'GO:0009894', 'GO:0031329', 'GO:0050794', 'GO:0008150', 'GO:0009895', 'GO:0019222', 'GO:0031324', 'GO:0048519', 'GO:0031330', 'GO:0048523', 'GO:0050789', 'GO:0010506', 'GO:0009892'}"
GO:0032717,"{'GO:0051241', 'GO:0065007', 'GO:0001817', 'GO:0032677', 'GO:0010629', 'GO:0008150', 'GO:0019222', 'GO:0001818', 'GO:0010468', 'GO:0051239', 'GO:0060255', 'GO:0048519', 'GO:0010605', 'GO:0050789', 'GO:0009892'}"
GO:0043508,"{'GO:0042326', 'GO:0031323', 'GO:0065007', 'GO:0043405', 'GO:0019220', 'GO:0050790', 'GO:0048583', 'GO:0042325', 'GO:0070303', 'GO:0080135', 'GO:0031400', 'GO:0001933', 'GO:0080134', 'GO:0043407', 'GO:0008150', 'GO:0009966', 'GO:0051172', 'GO:0071901', 'GO:0045936', 'GO:1902532', 'GO:0051348', 'GO:0044092', 'GO:0070302', 'GO:0071900', 'GO:0032872', 'GO:0048523', 'GO:0009892', 'GO:0045859', 'GO:0031324', 'GO:0050789', 'GO:0051338', 'GO:0010646', 'GO:0010648', 'GO:0043408', 'GO:0051171', 'GO:0043086', 'GO:0065009', 'GO:0032269', 'GO:0023057', 'GO:0048585', 'GO:0032873', 'GO:0032268', 'GO:0006469', 'GO:0050794', 'GO:0033673', 'GO:0043549', 'GO:0046329', 'GO:0010563', 'GO:0043409', 'GO:0009968', 'GO:0019222', 'GO:0001932', 'GO:0080090', 'GO:0031399', 'GO:0060255', 'GO:0048519', 'GO:0046328', 'GO:1902531', 'GO:0051246', 'GO:0051248', 'GO:0010605', 'GO:0051174', 'GO:0043506', 'GO:0023051'}"
GO:0070433,"{'GO:0065007', 'GO:0023057', 'GO:0070432', 'GO:0048583', 'GO:0048585', 'GO:0023051', 'GO:0062207', 'GO:0050794', 'GO:0008150', 'GO:0009966', 'GO:0009968', 'GO:1902532', 'GO:0048519', 'GO:1902531', 'GO:0070424', 'GO:0048523', 'GO:0010648', 'GO:0050789', 'GO:0010646', 'GO:0070425'}"
GO:1903753,"{'GO:1900744', 'GO:0065007', 'GO:0023057', 'GO:0048583', 'GO:0048585', 'GO:0032873', 'GO:0070303', 'GO:0080135', 'GO:0080134', 'GO:0050794', 'GO:0008150', 'GO:0009966', 'GO:0043409', 'GO:0009968', 'GO:1902532', 'GO:0070302', 'GO:0048519', 'GO:0032872', 'GO:1902531', 'GO:0048523', 'GO:0010648', 'GO:0050789', 'GO:0010646', 'GO:0023051', 'GO:0043408'}"
GO:0050868,"{'GO:0050865', 'GO:0022408', 'GO:0051250', 'GO:0065007', 'GO:0002682', 'GO:0002694', 'GO:0051249', 'GO:1903037', 'GO:0007162', 'GO:0050794', 'GO:0030155', 'GO:0008150', 'GO:0002683', 'GO:0050866', 'GO:0022407', 'GO:1903038', 'GO:0048519', 'GO:0002695', 'GO:0050863', 'GO:0048523', 'GO:0050789'}"
GO:0050860,"{'GO:0002682', 'GO:0065007', 'GO:0023057', 'GO:0048583', 'GO:0048585', 'GO:0023051', 'GO:0050794', 'GO:0002683', 'GO:0008150', 'GO:0009966', 'GO:0050776', 'GO:0050854', 'GO:0009968', 'GO:0050858', 'GO:0050856', 'GO:0048519', 'GO:0048523', 'GO:0050789', 'GO:0010646', 'GO:0010648'}"
GO:0032720,"{'GO:1903556', 'GO:0051241', 'GO:0065007', 'GO:0001817', 'GO:0032680', 'GO:1903555', 'GO:0010629', 'GO:0008150', 'GO:0019222', 'GO:0001818', 'GO:0010468', 'GO:0051239', 'GO:0060255', 'GO:0048519', 'GO:0010605', 'GO:0050789', 'GO:0009892'}"
GO:0035644,"{'GO:0009987', 'GO:0044237', 'GO:0006796', 'GO:0008150', 'GO:0016311', 'GO:0008152', 'GO:0006793'}"
GO:2000566,"{'GO:0065007', 'GO:0070663', 'GO:0002694', 'GO:0051249', 'GO:0046641', 'GO:0008150', 'GO:2001185', 'GO:0032944', 'GO:0050671', 'GO:0051251', 'GO:0042127', 'GO:0048522', 'GO:0002684', 'GO:0050670', 'GO:0042102', 'GO:0050789', 'GO:0046640', 'GO:0050865', 'GO:0002682', 'GO:0046634', 'GO:0032946', 'GO:0050870', 'GO:1903037', 'GO:0050794', 'GO:0030155', 'GO:0045785', 'GO:2001187', 'GO:2000564', 'GO:0042129', 'GO:0002696', 'GO:0048518', 'GO:0022407', 'GO:0022409', 'GO:0050863', 'GO:0046635', 'GO:1903039', 'GO:0008284', 'GO:0050867', 'GO:0070665'}"
GO:0002230,"{'GO:0050691', 'GO:0050688', 'GO:0065007', 'GO:0002697', 'GO:0002682', 'GO:0002831', 'GO:0048583', 'GO:0080134', 'GO:0032101', 'GO:0050789', 'GO:0031347', 'GO:0008150'}"
GO:0070374,"{'GO:0023056', 'GO:1902533', 'GO:0065007', 'GO:0010647', 'GO:0048583', 'GO:0009967', 'GO:0050794', 'GO:0008150', 'GO:0009966', 'GO:0048522', 'GO:0048584', 'GO:0043410', 'GO:0048518', 'GO:1902531', 'GO:0070372', 'GO:0050789', 'GO:0010646', 'GO:0023051', 'GO:0043408'}"
GO:0071663,"{'GO:0002700', 'GO:0065007', 'GO:0002682', 'GO:0001817', 'GO:0010628', 'GO:0002699', 'GO:0071661', 'GO:0008150', 'GO:0009893', 'GO:0002684', 'GO:0019222', 'GO:0010468', 'GO:0051239', 'GO:0002697', 'GO:0010604', 'GO:0060255', 'GO:0048518', 'GO:0002702', 'GO:0050789'}"
GO:0032727,"{'GO:0051240', 'GO:0001817', 'GO:0065007', 'GO:0010628', 'GO:0001819', 'GO:0032647', 'GO:0032479', 'GO:0008150', 'GO:0019222', 'GO:0010468', 'GO:0051239', 'GO:0010604', 'GO:0060255', 'GO:0048518', 'GO:0050789', 'GO:0009893', 'GO:0032481'}"
GO:0032728,"{'GO:0051240', 'GO:0001817', 'GO:0065007', 'GO:0010628', 'GO:0001819', 'GO:0032479', 'GO:0008150', 'GO:0019222', 'GO:0010468', 'GO:0051239', 'GO:0010604', 'GO:0060255', 'GO:0048518', 'GO:0050789', 'GO:0032648', 'GO:0009893', 'GO:0032481'}"
GO:0032729,"{'GO:0051240', 'GO:0001817', 'GO:0065007', 'GO:0010628', 'GO:0001819', 'GO:0008150', 'GO:0009893', 'GO:0032649', 'GO:0019222', 'GO:0010468', 'GO:0051239', 'GO:0010604', 'GO:0060255', 'GO:0048518', 'GO:0050789'}"
GO:0042307,"{'GO:0043269', 'GO:0043270', 'GO:0065007', 'GO:0051050', 'GO:1904951', 'GO:0042306', 'GO:0008150', 'GO:0032880', 'GO:0048522', 'GO:0046822', 'GO:1900180', 'GO:1903827', 'GO:0050789', 'GO:0051049', 'GO:1903829', 'GO:1900182', 'GO:0051223', 'GO:0032386', 'GO:0046824', 'GO:0050794', 'GO:1903793', 'GO:0070201', 'GO:0044070', 'GO:0051222', 'GO:1904591', 'GO:0060341', 'GO:0032879', 'GO:0048518', 'GO:1904589', 'GO:0090087', 'GO:0090316', 'GO:0032388', 'GO:0033157'}"
GO:1902523,"{'GO:1900044', 'GO:0031323', 'GO:0065007', 'GO:0051247', 'GO:0008150', 'GO:0048522', 'GO:0031325', 'GO:0050789', 'GO:0032270', 'GO:0009893', 'GO:0031396', 'GO:0051171', 'GO:0031401', 'GO:1902916', 'GO:0032268', 'GO:1902914', 'GO:0050794', 'GO:0051173', 'GO:0019222', 'GO:1903322', 'GO:0010604', 'GO:0080090', 'GO:0031399', 'GO:0060255', 'GO:0031398', 'GO:0048518', 'GO:0051246', 'GO:1903320'}"
GO:0034141,"{'GO:0023056', 'GO:0065007', 'GO:0010647', 'GO:0048583', 'GO:0034123', 'GO:0034121', 'GO:0062208', 'GO:0009967', 'GO:0062207', 'GO:0050794', 'GO:0008150', 'GO:0009966', 'GO:0048522', 'GO:0048584', 'GO:0048518', 'GO:0034139', 'GO:0050789', 'GO:0010646', 'GO:0023051'}"
GO:0034145,"{'GO:0023056', 'GO:0065007', 'GO:0010647', 'GO:0048583', 'GO:0034123', 'GO:0034121', 'GO:0062208', 'GO:0009967', 'GO:0062207', 'GO:0050794', 'GO:0008150', 'GO:0009966', 'GO:0034143', 'GO:0048522', 'GO:0048584', 'GO:0048518', 'GO:0050789', 'GO:0010646', 'GO:0023051'}"
GO:0034157,"{'GO:0023056', 'GO:0065007', 'GO:0010647', 'GO:0048583', 'GO:0034123', 'GO:0034121', 'GO:0062208', 'GO:0009967', 'GO:0062207', 'GO:0050794', 'GO:0008150', 'GO:0009966', 'GO:0048522', 'GO:0048584', 'GO:0048518', 'GO:0034155', 'GO:0050789', 'GO:0010646', 'GO:0023051'}"
GO:0034165,"{'GO:0023056', 'GO:0065007', 'GO:0010647', 'GO:0048583', 'GO:0034123', 'GO:0034121', 'GO:0062208', 'GO:0009967', 'GO:0062207', 'GO:0034163', 'GO:0050794', 'GO:0008150', 'GO:0009966', 'GO:0048522', 'GO:0048584', 'GO:0048518', 'GO:0050789', 'GO:0010646', 'GO:0023051'}"
GO:0032481,"{'GO:0051240', 'GO:0001817', 'GO:0065007', 'GO:0010628', 'GO:0001819', 'GO:0032479', 'GO:0008150', 'GO:0009893', 'GO:0019222', 'GO:0010468', 'GO:0051239', 'GO:0010604', 'GO:0060255', 'GO:0048518', 'GO:0050789'}"
GO:1903169,"{'GO:0051049', 'GO:0043269', 'GO:0010959', 'GO:0051924', 'GO:0065007', 'GO:0050794', 'GO:0032879', 'GO:0034765', 'GO:0050789', 'GO:0034762', 'GO:0008150', 'GO:1904062'}"
GO:0002685,"{'GO:0040012', 'GO:0065007', 'GO:0051270', 'GO:0050794', 'GO:0002682', 'GO:0032879', 'GO:0050789', 'GO:2000145', 'GO:0008150', 'GO:0030334'}"
GO:0032817,"{'GO:0050865', 'GO:0065007', 'GO:0002682', 'GO:0070663', 'GO:0002694', 'GO:0051249', 'GO:0050794', 'GO:0008150', 'GO:0032944', 'GO:0032814', 'GO:0042127', 'GO:0050670', 'GO:0050789'}"
GO:1901222,"{'GO:0065007', 'GO:0009966', 'GO:0050794', 'GO:0048583', 'GO:1902531', 'GO:0050789', 'GO:0008150', 'GO:0010646', 'GO:0023051'}"
GO:0050730,"{'GO:0051171', 'GO:0031323', 'GO:0065007', 'GO:0019220', 'GO:0032268', 'GO:0042325', 'GO:0050794', 'GO:0008150', 'GO:0019222', 'GO:0001932', 'GO:0080090', 'GO:0031399', 'GO:0060255', 'GO:0051246', 'GO:0050789', 'GO:0051174'}"
GO:0030217,"{'GO:0002521', 'GO:0030098', 'GO:0032502', 'GO:0009987', 'GO:1903131', 'GO:0008150', 'GO:0030154', 'GO:0042110', 'GO:0001775', 'GO:0045321', 'GO:0002376', 'GO:0048869', 'GO:0046649'}"
GO:0050852,"{'GO:0050778', 'GO:0002757', 'GO:0002682', 'GO:0065007', 'GO:0048583', 'GO:0009987', 'GO:0050794', 'GO:0007165', 'GO:0007166', 'GO:0008150', 'GO:0050776', 'GO:0050851', 'GO:0002684', 'GO:0048584', 'GO:0002429', 'GO:0048518', 'GO:0002376', 'GO:0002253', 'GO:0002768', 'GO:0050789', 'GO:0002764'}"
GO:0006919,"{'GO:0031323', 'GO:0065007', 'GO:0043280', 'GO:0050790', 'GO:0010952', 'GO:0010950', 'GO:0051247', 'GO:0008150', 'GO:0045862', 'GO:0048522', 'GO:2001056', 'GO:0051345', 'GO:0031325', 'GO:0050789', 'GO:0009893', 'GO:0032270', 'GO:0051171', 'GO:0051336', 'GO:0065009', 'GO:0043085', 'GO:0043281', 'GO:0052548', 'GO:0032268', 'GO:2000116', 'GO:0050794', 'GO:0052547', 'GO:0051173', 'GO:0019222', 'GO:0030162', 'GO:0010604', 'GO:0080090', 'GO:0060255', 'GO:0048518', 'GO:0051246', 'GO:0044093'}"
GO:0000187,"{'GO:0010562', 'GO:1902533', 'GO:0031323', 'GO:0065007', 'GO:0010647', 'GO:0019220', 'GO:0048583', 'GO:0051247', 'GO:0009966', 'GO:0071902', 'GO:0032270', 'GO:0051338', 'GO:0043406', 'GO:0051171', 'GO:0043085', 'GO:0031401', 'GO:0033674', 'GO:0001934', 'GO:0009967', 'GO:0050794', 'GO:0043549', 'GO:0051173', 'GO:0001932', 'GO:0010604', 'GO:0080090', 'GO:0048584', 'GO:0031399', 'GO:0045860', 'GO:0048518', 'GO:0051174', 'GO:0043405', 'GO:0050790', 'GO:0051347', 'GO:0042325', 'GO:0008150', 'GO:0048522', 'GO:0043410', 'GO:0071900', 'GO:0031325', 'GO:0045859', 'GO:0050789', 'GO:0009893', 'GO:0010646', 'GO:0032147', 'GO:0042327', 'GO:0023056', 'GO:0043408', 'GO:0065009', 'GO:0032268', 'GO:0019222', 'GO:0060255', 'GO:0045937', 'GO:1902531', 'GO:0051246', 'GO:0044093', 'GO:0023051'}"
GO:0009653,"{'GO:0008150', 'GO:0032502'}"
GO:0071300,"{'GO:0071396', 'GO:0071310', 'GO:0042221', 'GO:0032526', 'GO:0050896', 'GO:0010033', 'GO:0070887', 'GO:1901701', 'GO:0009987', 'GO:1901700', 'GO:0033993', 'GO:0051716', 'GO:0008150'}"
GO:0001838,"{'GO:0035148', 'GO:0072175', 'GO:0032502', 'GO:0048646', 'GO:0008150'}"
GO:0048484,"{'GO:0048856', 'GO:0008150', 'GO:0048731', 'GO:0032502'}"
GO:0035860,"{'GO:0007167', 'GO:0065007', 'GO:0007169', 'GO:0050789', 'GO:0009987', 'GO:0050794', 'GO:0007165', 'GO:0007166', 'GO:0008150'}"
GO:0060384,"{'GO:0008150', 'GO:0032501'}"
GO:0000165,"{'GO:0050794', 'GO:0009987', 'GO:0008150', 'GO:0050789', 'GO:0065007', 'GO:0035556', 'GO:0007165'}"
GO:0033619,"{'GO:0044238', 'GO:0019538', 'GO:0006807', 'GO:0071704', 'GO:0006508', 'GO:0043170', 'GO:0008150', 'GO:0008152', 'GO:1901564'}"
GO:0007275,"{'GO:0032502', 'GO:0048856', 'GO:0008150', 'GO:0032501'}"
GO:0001755,"{'GO:0048870', 'GO:0006928', 'GO:0009987', 'GO:0040011', 'GO:0008150', 'GO:0001667', 'GO:0016477'}"
GO:0007158,"{'GO:0009987', 'GO:0098609', 'GO:0022610', 'GO:0007155', 'GO:0008150'}"
GO:0042551,"{'GO:0071695', 'GO:0009987', 'GO:0021700', 'GO:0048869', 'GO:0032502', 'GO:0048469', 'GO:0008150'}"
GO:0061146,"{'GO:0009653', 'GO:0008150', 'GO:0048729', 'GO:0032502'}"
GO:0033630,"{'GO:0045785', 'GO:0048522', 'GO:0065007', 'GO:0048518', 'GO:0050789', 'GO:0033628', 'GO:0030155', 'GO:0050794', 'GO:0008150'}"
GO:0030335,"{'GO:0040012', 'GO:0065007', 'GO:0051270', 'GO:0051272', 'GO:0050794', 'GO:2000147', 'GO:0008150', 'GO:0048522', 'GO:0040017', 'GO:0032879', 'GO:0048518', 'GO:0050789', 'GO:2000145', 'GO:0030334'}"
GO:0045793,"{'GO:0090066', 'GO:0065007', 'GO:0065008', 'GO:0032535', 'GO:0009987', 'GO:0016043', 'GO:0071840', 'GO:0008150', 'GO:0008361'}"
GO:2001241,"{'GO:0023056', 'GO:0065007', 'GO:0010647', 'GO:0048583', 'GO:2001238', 'GO:0043067', 'GO:0009967', 'GO:2001235', 'GO:0050794', 'GO:0008150', 'GO:0042981', 'GO:0009966', 'GO:0010941', 'GO:0048522', 'GO:2001233', 'GO:2001236', 'GO:0048584', 'GO:0043065', 'GO:0010942', 'GO:0048518', 'GO:0043068', 'GO:0050789', 'GO:2001239', 'GO:0010646', 'GO:0023051'}"
GO:0033674,"{'GO:0010562', 'GO:0043085', 'GO:0065009', 'GO:0031323', 'GO:0065007', 'GO:0050790', 'GO:0019220', 'GO:0051174', 'GO:0051347', 'GO:0042325', 'GO:0050794', 'GO:0043549', 'GO:0008150', 'GO:0009893', 'GO:0048522', 'GO:0019222', 'GO:0045937', 'GO:0048518', 'GO:0044093', 'GO:0031325', 'GO:0050789', 'GO:0051338', 'GO:0042327'}"
GO:0043410,"{'GO:0023056', 'GO:1902533', 'GO:0065007', 'GO:0010647', 'GO:0048583', 'GO:0009967', 'GO:0050794', 'GO:0008150', 'GO:0009966', 'GO:0048522', 'GO:0048584', 'GO:0048518', 'GO:1902531', 'GO:0050789', 'GO:0010646', 'GO:0023051', 'GO:0043408'}"
GO:0072300,"{'GO:0032502', 'GO:0051240', 'GO:0065007', 'GO:0072298', 'GO:0001656', 'GO:0090193', 'GO:0090183', 'GO:0050793', 'GO:0072216', 'GO:0072215', 'GO:0051094', 'GO:0008150', 'GO:0048856', 'GO:0090184', 'GO:0051239', 'GO:0048518', 'GO:0001822', 'GO:0050789', 'GO:0090192', 'GO:0048513'}"
GO:0014042,"{'GO:0045597', 'GO:0060284', 'GO:0065007', 'GO:1903429', 'GO:0050793', 'GO:0010720', 'GO:0050794', 'GO:0045664', 'GO:0008150', 'GO:0051094', 'GO:0048522', 'GO:0045595', 'GO:0014041', 'GO:0048518', 'GO:1903431', 'GO:0050789'}"
GO:0033141,"{'GO:0010562', 'GO:0031323', 'GO:0065007', 'GO:0033139', 'GO:0019220', 'GO:0042325', 'GO:0051247', 'GO:0033138', 'GO:0008150', 'GO:0048522', 'GO:0031325', 'GO:0050789', 'GO:0009893', 'GO:0032270', 'GO:0042327', 'GO:0033135', 'GO:0051171', 'GO:0031401', 'GO:0001934', 'GO:0032268', 'GO:0050794', 'GO:0051173', 'GO:0019222', 'GO:0001932', 'GO:0010604', 'GO:0080090', 'GO:0031399', 'GO:0060255', 'GO:0048518', 'GO:0045937', 'GO:0051246', 'GO:0051174'}"
GO:0051897,"{'GO:0023056', 'GO:1902533', 'GO:0065007', 'GO:0010647', 'GO:0051896', 'GO:0048583', 'GO:0009967', 'GO:0050794', 'GO:0008150', 'GO:0009966', 'GO:0048522', 'GO:0048584', 'GO:0048518', 'GO:1902531', 'GO:0050789', 'GO:0010646', 'GO:0023051'}"
GO:0050770,"{'GO:0120035', 'GO:0031344', 'GO:0065007', 'GO:0050794', 'GO:0022603', 'GO:0050789', 'GO:0050793', 'GO:0051128', 'GO:0010975', 'GO:0008150'}"
GO:0030155,"{'GO:0050794', 'GO:0065007', 'GO:0008150', 'GO:0050789'}"
GO:0048265,"{'GO:0033555', 'GO:0008150', 'GO:0006950', 'GO:0050896', 'GO:0032501'}"
GO:0060041,"{'GO:0048856', 'GO:0008150', 'GO:0032502'}"
GO:0007169,"{'GO:0007167', 'GO:0065007', 'GO:0050794', 'GO:0009987', 'GO:0050789', 'GO:0007165', 'GO:0007166', 'GO:0008150'}"
GO:0035799,"{'GO:0071695', 'GO:0021700', 'GO:0048799', 'GO:0032502', 'GO:0008150'}"
GO:0001657,"{'GO:0032502', 'GO:0060429', 'GO:0072073', 'GO:0072164', 'GO:0072163', 'GO:0035295', 'GO:0048856', 'GO:0008150', 'GO:0009888'}"
GO:0090618,"{'GO:0009987', 'GO:0008150'}"
GO:0006260,"{'GO:0008152', 'GO:0034645', 'GO:0009058', 'GO:0044260', 'GO:0009987', 'GO:1901576', 'GO:0044249', 'GO:0044237', 'GO:0071704', 'GO:0043170', 'GO:0008150', 'GO:0009059'}"
GO:0030855,"{'GO:0009987', 'GO:0048869', 'GO:0032502', 'GO:0008150', 'GO:0030154'}"
GO:0001706,"{'GO:0048646', 'GO:0001704', 'GO:0008150', 'GO:0032502'}"
GO:0043280,"{'GO:0031323', 'GO:0065007', 'GO:0050790', 'GO:0010952', 'GO:0010950', 'GO:0051247', 'GO:0008150', 'GO:0045862', 'GO:0048522', 'GO:2001056', 'GO:0051345', 'GO:0031325', 'GO:0050789', 'GO:0009893', 'GO:0032270', 'GO:0051171', 'GO:0051336', 'GO:0065009', 'GO:0043085', 'GO:0043281', 'GO:0052548', 'GO:0032268', 'GO:2000116', 'GO:0050794', 'GO:0052547', 'GO:0051173', 'GO:0019222', 'GO:0030162', 'GO:0010604', 'GO:0080090', 'GO:0060255', 'GO:0048518', 'GO:0051246', 'GO:0044093'}"
GO:0060828,"{'GO:0030111', 'GO:0065007', 'GO:0009966', 'GO:0050794', 'GO:0048583', 'GO:0050789', 'GO:0008150', 'GO:0010646', 'GO:0023051'}"
GO:0006355,"{'GO:0051171', 'GO:0031323', 'GO:0009889', 'GO:2001141', 'GO:0065007', 'GO:1903506', 'GO:0019219', 'GO:0050794', 'GO:0008150', 'GO:0051252', 'GO:0019222', 'GO:0010468', 'GO:0080090', 'GO:2000112', 'GO:0060255', 'GO:0031326', 'GO:0010556', 'GO:0050789'}"
GO:0008203,"{'GO:0006629', 'GO:0044238', 'GO:1901360', 'GO:0006066', 'GO:1902652', 'GO:0008202', 'GO:1901615', 'GO:0044281', 'GO:0071704', 'GO:0016125', 'GO:0008150', 'GO:0008152'}"
GO:0042446,"{'GO:0009058', 'GO:0042445', 'GO:0010817', 'GO:0065007', 'GO:0008150', 'GO:0065008', 'GO:0008152'}"
GO:0070995,"{'GO:0006739', 'GO:0008150', 'GO:0008152'}"
GO:0051353,"{'GO:0043085', 'GO:0065009', 'GO:0065007', 'GO:0051341', 'GO:0050790', 'GO:0044093', 'GO:0008150'}"
GO:0050790,"{'GO:0065007', 'GO:0008150', 'GO:0065009'}"
GO:0006694,"{'GO:0006629', 'GO:0044238', 'GO:1901360', 'GO:0008610', 'GO:1901362', 'GO:0009058', 'GO:0008202', 'GO:1901576', 'GO:0071704', 'GO:0008150', 'GO:0008152'}"
GO:0007568,"{'GO:0008150', 'GO:0032502'}"
GO:0001889,"{'GO:0048732', 'GO:0032502', 'GO:0048513', 'GO:0048856', 'GO:0008150'}"
GO:0097068,"{'GO:0042221', 'GO:0097066', 'GO:0014070', 'GO:0043200', 'GO:0050896', 'GO:0010033', 'GO:0009719', 'GO:0009725', 'GO:1901700', 'GO:0010243', 'GO:0001101', 'GO:1904386', 'GO:0008150', 'GO:1901698'}"
GO:0007343,"{'GO:0001775', 'GO:0009987', 'GO:0022414', 'GO:0008150'}"
GO:0097340,"{'GO:1903317', 'GO:0031323', 'GO:0065007', 'GO:0050790', 'GO:0008150', 'GO:2000117', 'GO:0070613', 'GO:0051172', 'GO:0010468', 'GO:0044092', 'GO:0048523', 'GO:0045861', 'GO:0050789', 'GO:0031324', 'GO:0051171', 'GO:0051336', 'GO:0065009', 'GO:0043086', 'GO:0032269', 'GO:0052548', 'GO:0032268', 'GO:2000116', 'GO:0050794', 'GO:0010629', 'GO:0052547', 'GO:0097341', 'GO:0019222', 'GO:0051346', 'GO:0030162', 'GO:0080090', 'GO:0010955', 'GO:0060255', 'GO:0048519', 'GO:0010951', 'GO:0051246', 'GO:0051248', 'GO:0010466', 'GO:0010605', 'GO:0009892', 'GO:1903318'}"
GO:0043086,"{'GO:0065009', 'GO:0065007', 'GO:0044092', 'GO:0050790', 'GO:0008150'}"
GO:0071157,"{'GO:0051726', 'GO:0065007', 'GO:0045786', 'GO:0010948', 'GO:0050794', 'GO:0008150', 'GO:0048522', 'GO:0045787', 'GO:0048518', 'GO:0010564', 'GO:0048519', 'GO:0071156', 'GO:0048523', 'GO:0050789'}"
GO:0010466,"{'GO:0051171', 'GO:0051336', 'GO:0031323', 'GO:0065009', 'GO:0043086', 'GO:0065007', 'GO:0032269', 'GO:0050790', 'GO:0032268', 'GO:0050794', 'GO:0052547', 'GO:0008150', 'GO:0051172', 'GO:0019222', 'GO:0051346', 'GO:0030162', 'GO:0080090', 'GO:0044092', 'GO:0060255', 'GO:0048519', 'GO:0050789', 'GO:0051246', 'GO:0051248', 'GO:0010605', 'GO:0048523', 'GO:0045861', 'GO:0031324', 'GO:0009892'}"
GO:2000675,"{'GO:0065007', 'GO:0043066', 'GO:0043067', 'GO:0060548', 'GO:0050794', 'GO:0043069', 'GO:0042981', 'GO:0010941', 'GO:0008150', 'GO:2000674', 'GO:0048519', 'GO:0048523', 'GO:0050789', 'GO:1904035', 'GO:1904036'}"
GO:0030163,"{'GO:0009057', 'GO:0044238', 'GO:0019538', 'GO:1901575', 'GO:0009056', 'GO:0006807', 'GO:1901565', 'GO:0071704', 'GO:0043170', 'GO:0008150', 'GO:0008152', 'GO:1901564'}"
GO:0071482,"{'GO:0071214', 'GO:0104004', 'GO:0050896', 'GO:0009987', 'GO:0009628', 'GO:0051716', 'GO:0071478', 'GO:0008150', 'GO:0009314', 'GO:0009416'}"
GO:0071492,"{'GO:0071214', 'GO:0104004', 'GO:0070141', 'GO:0050896', 'GO:0009987', 'GO:0009628', 'GO:0071482', 'GO:0051716', 'GO:0034644', 'GO:0071478', 'GO:0009411', 'GO:0008150', 'GO:0009314', 'GO:0009416'}"
GO:0007602,"{'GO:0009581', 'GO:0065007', 'GO:0009605', 'GO:0050794', 'GO:0050896', 'GO:0009583', 'GO:0009987', 'GO:0009628', 'GO:0050789', 'GO:0007165', 'GO:0008150', 'GO:0009314', 'GO:0051606', 'GO:0009582', 'GO:0009416'}"
GO:0018298,"{'GO:0043412', 'GO:0044238', 'GO:0019538', 'GO:0044260', 'GO:0006464', 'GO:0036211', 'GO:0006807', 'GO:0009987', 'GO:0044237', 'GO:0071704', 'GO:0044267', 'GO:0043170', 'GO:0008150', 'GO:0008152', 'GO:1901564'}"
GO:0007601,"{'GO:0050953', 'GO:0003008', 'GO:0007600', 'GO:0008150', 'GO:0050877', 'GO:0032501'}"
GO:0071880,"{'GO:0007186', 'GO:0007189', 'GO:0065007', 'GO:0019933', 'GO:0007187', 'GO:0009987', 'GO:0019932', 'GO:0050794', 'GO:0007165', 'GO:0008150', 'GO:0007188', 'GO:0071875', 'GO:0019935', 'GO:0035556', 'GO:0050789'}"
GO:0006171,"{'GO:0090407', 'GO:0019438', 'GO:0009987', 'GO:0006807', 'GO:0006796', 'GO:1901135', 'GO:0046058', 'GO:1901362', 'GO:0034641', 'GO:0006793', 'GO:1901576', 'GO:0009259', 'GO:0006164', 'GO:0044237', 'GO:0009165', 'GO:1901566', 'GO:0008152', 'GO:0072521', 'GO:0044281', 'GO:0009152', 'GO:0009150', 'GO:0009260', 'GO:1901137', 'GO:1901360', 'GO:0009058', 'GO:0009187', 'GO:0019637', 'GO:0006725', 'GO:0071704', 'GO:0008150', 'GO:1901293', 'GO:0046483', 'GO:0055086', 'GO:0009117', 'GO:0006139', 'GO:1901564', 'GO:0006163', 'GO:0019693', 'GO:0034654', 'GO:0044271', 'GO:0052652', 'GO:0072522', 'GO:0018130', 'GO:0044238', 'GO:0006753', 'GO:0044249', 'GO:0046390', 'GO:0009190'}"
GO:0006261,"{'GO:0034645', 'GO:0009058', 'GO:0044260', 'GO:0009987', 'GO:1901576', 'GO:0044249', 'GO:0006260', 'GO:0044237', 'GO:0071704', 'GO:0043170', 'GO:0008150', 'GO:0009059', 'GO:0008152'}"
GO:0006264,"{'GO:0008152', 'GO:0034645', 'GO:0009058', 'GO:0044260', 'GO:0009987', 'GO:0006261', 'GO:1901576', 'GO:0044249', 'GO:0006260', 'GO:0044237', 'GO:0071704', 'GO:0043170', 'GO:0008150', 'GO:0009059'}"
GO:0030317,"{'GO:0006928', 'GO:0040011', 'GO:0022414', 'GO:0048870', 'GO:0009987', 'GO:0001539', 'GO:0007017', 'GO:0007018', 'GO:0003341', 'GO:0060294', 'GO:0008150', 'GO:0097722', 'GO:0060285'}"
GO:0035845,"{'GO:0009987', 'GO:0008150', 'GO:0016043', 'GO:0071840'}"
GO:1903348,"{'GO:0048522', 'GO:0044089', 'GO:1901890', 'GO:0065007', 'GO:0044087', 'GO:0048518', 'GO:0050789', 'GO:0051130', 'GO:0051128', 'GO:0050794', 'GO:2000810', 'GO:0008150', 'GO:1901888'}"
GO:1904491,"{'GO:0061512', 'GO:0051179', 'GO:0033365', 'GO:0034613', 'GO:0051641', 'GO:0008104', 'GO:0009987', 'GO:0070727', 'GO:0033036', 'GO:0008150'}"
GO:0015031,"{'GO:0006820', 'GO:0051234', 'GO:0008150', 'GO:0071705', 'GO:0006811', 'GO:0051179', 'GO:0042886', 'GO:0006810', 'GO:0015833', 'GO:0045184', 'GO:0008104', 'GO:0071702', 'GO:0033036'}"
GO:0016192,"{'GO:0051179', 'GO:0006810', 'GO:0051234', 'GO:0009987', 'GO:0008150'}"
GO:0034613,"{'GO:0051179', 'GO:0051641', 'GO:0008104', 'GO:0009987', 'GO:0070727', 'GO:0033036', 'GO:0008150'}"
GO:0032436,"{'GO:0031323', 'GO:0065007', 'GO:0009894', 'GO:0031331', 'GO:0051247', 'GO:0031329', 'GO:0061136', 'GO:2000058', 'GO:0008150', 'GO:0045862', 'GO:0048522', 'GO:1901800', 'GO:0031325', 'GO:0032270', 'GO:0050789', 'GO:0009893', 'GO:1903362', 'GO:0051171', 'GO:0042176', 'GO:0032268', 'GO:0050794', 'GO:0032434', 'GO:0009896', 'GO:1903364', 'GO:1903052', 'GO:0051173', 'GO:0019222', 'GO:0030162', 'GO:0010604', 'GO:0080090', 'GO:0045732', 'GO:0060255', 'GO:0048518', 'GO:1903050', 'GO:0051246', 'GO:2000060'}"
GO:0033235,"{'GO:0031323', 'GO:0065007', 'GO:0051247', 'GO:0008150', 'GO:0048522', 'GO:0031325', 'GO:0050789', 'GO:0032270', 'GO:0009893', 'GO:0051171', 'GO:0031401', 'GO:0032268', 'GO:0050794', 'GO:0051173', 'GO:0019222', 'GO:1903322', 'GO:0010604', 'GO:0080090', 'GO:0031399', 'GO:0060255', 'GO:0048518', 'GO:0051246', 'GO:0033233', 'GO:1903320'}"
GO:0016925,"{'GO:0043412', 'GO:0019538', 'GO:0070647', 'GO:0006464', 'GO:0036211', 'GO:0006807', 'GO:0009987', 'GO:0044237', 'GO:0071704', 'GO:0044267', 'GO:0043170', 'GO:0008150', 'GO:0018205', 'GO:0008152', 'GO:0018193', 'GO:0044238', 'GO:0044260', 'GO:0032446', 'GO:1901564'}"
GO:0051301,"{'GO:0009987', 'GO:0008150'}"
GO:0043153,"{'GO:0009649', 'GO:0065007', 'GO:0009605', 'GO:0050896', 'GO:0009628', 'GO:0042752', 'GO:0009648', 'GO:0050789', 'GO:0008150', 'GO:0009314', 'GO:0009416'}"
GO:0005977,"{'GO:0044042', 'GO:0044262', 'GO:0005976', 'GO:0009987', 'GO:0044237', 'GO:0005975', 'GO:0071704', 'GO:0043170', 'GO:0008150', 'GO:0008152', 'GO:0015980', 'GO:0006091', 'GO:0044238', 'GO:0006073', 'GO:0044260', 'GO:0006112', 'GO:0044264'}"
GO:0060252,"{'GO:0045597', 'GO:0060284', 'GO:0051240', 'GO:0065007', 'GO:0060251', 'GO:0050769', 'GO:0050793', 'GO:0051962', 'GO:0010720', 'GO:0050794', 'GO:0008150', 'GO:0051094', 'GO:0042127', 'GO:0014015', 'GO:0048522', 'GO:0014013', 'GO:0051239', 'GO:0045595', 'GO:2000026', 'GO:0048518', 'GO:0051960', 'GO:0050789', 'GO:0008284', 'GO:0050767'}"
GO:0042752,"{'GO:0050789', 'GO:0065007', 'GO:0008150'}"
GO:0046822,"{'GO:0051049', 'GO:0065007', 'GO:0060341', 'GO:0032879', 'GO:0050789', 'GO:0032386', 'GO:0050794', 'GO:0008150'}"
GO:0022405,"{'GO:0022404', 'GO:0008150', 'GO:0032501'}"
GO:0032474,"{'GO:0048598', 'GO:0009653', 'GO:0008150', 'GO:0032502'}"
GO:0001783,"{'GO:0070227', 'GO:0009987', 'GO:0071887', 'GO:0012501', 'GO:0008150', 'GO:0008219', 'GO:0006915'}"
GO:0001782,"{'GO:0042592', 'GO:0001776', 'GO:0065007', 'GO:0065008', 'GO:0002376', 'GO:0008150', 'GO:0002260', 'GO:0048872'}"
GO:0010631,"{'GO:0048870', 'GO:0006928', 'GO:0009987', 'GO:0040011', 'GO:0008150', 'GO:0001667', 'GO:0016477'}"
GO:0035407,"{'GO:0016310', 'GO:0043412', 'GO:0019538', 'GO:0006464', 'GO:0009987', 'GO:0036211', 'GO:0035405', 'GO:0006807', 'GO:0018107', 'GO:0071704', 'GO:0006796', 'GO:0044237', 'GO:0071840', 'GO:0044267', 'GO:0008150', 'GO:0043170', 'GO:0008152', 'GO:0018193', 'GO:0016569', 'GO:0006325', 'GO:0044238', 'GO:0044260', 'GO:0006468', 'GO:0016572', 'GO:0006793', 'GO:0018210', 'GO:0016043', 'GO:0016570', 'GO:1901564'}"
GO:0006972,"{'GO:0006950', 'GO:0009628', 'GO:0006970', 'GO:0008150', 'GO:0050896'}"
GO:0030889,"{'GO:0050865', 'GO:0051250', 'GO:0050864', 'GO:0065007', 'GO:0002682', 'GO:0002694', 'GO:0051249', 'GO:0070663', 'GO:0050794', 'GO:0030888', 'GO:0008150', 'GO:0002683', 'GO:0032944', 'GO:0050866', 'GO:0042127', 'GO:0050670', 'GO:0070664', 'GO:0048519', 'GO:0002695', 'GO:0050869', 'GO:0048523', 'GO:0032945', 'GO:0050789', 'GO:0050672', 'GO:0008285'}"
GO:0006469,"{'GO:0042326', 'GO:0031323', 'GO:0065007', 'GO:0019220', 'GO:0050790', 'GO:0042325', 'GO:0031400', 'GO:0001933', 'GO:0008150', 'GO:0051172', 'GO:0045936', 'GO:0051348', 'GO:0044092', 'GO:0048523', 'GO:0045859', 'GO:0031324', 'GO:0050789', 'GO:0051338', 'GO:0051171', 'GO:0043086', 'GO:0065009', 'GO:0032269', 'GO:0032268', 'GO:0050794', 'GO:0033673', 'GO:0043549', 'GO:0010563', 'GO:0019222', 'GO:0001932', 'GO:0080090', 'GO:0031399', 'GO:0060255', 'GO:0048519', 'GO:0051246', 'GO:0051248', 'GO:0010605', 'GO:0051174', 'GO:0009892'}"
GO:0001933,"{'GO:0042326', 'GO:0031323', 'GO:0065007', 'GO:0019220', 'GO:0042325', 'GO:0031400', 'GO:0008150', 'GO:0051172', 'GO:0045936', 'GO:0048523', 'GO:0050789', 'GO:0031324', 'GO:0051171', 'GO:0032269', 'GO:0032268', 'GO:0050794', 'GO:0010563', 'GO:0019222', 'GO:0001932', 'GO:0080090', 'GO:0031399', 'GO:0060255', 'GO:0048519', 'GO:0051246', 'GO:0051248', 'GO:0010605', 'GO:0051174', 'GO:0009892'}"
GO:0018105,"{'GO:0016310', 'GO:0043412', 'GO:0019538', 'GO:0006464', 'GO:0009987', 'GO:0044237', 'GO:0036211', 'GO:0006807', 'GO:0071704', 'GO:0006796', 'GO:0044267', 'GO:0043170', 'GO:0008150', 'GO:0008152', 'GO:0018193', 'GO:0044238', 'GO:0044260', 'GO:0006468', 'GO:0006793', 'GO:0018209', 'GO:1901564'}"
GO:0006468,"{'GO:0016310', 'GO:0043412', 'GO:0019538', 'GO:0006464', 'GO:0009987', 'GO:0044237', 'GO:0036211', 'GO:0006807', 'GO:0071704', 'GO:0006796', 'GO:0044267', 'GO:0043170', 'GO:0008150', 'GO:0008152', 'GO:0044238', 'GO:0044260', 'GO:0006793', 'GO:1901564'}"
GO:2000145,"{'GO:0040012', 'GO:0065007', 'GO:0051270', 'GO:0050794', 'GO:0032879', 'GO:0050789', 'GO:0008150'}"
GO:0002634,"{'GO:0002819', 'GO:0065007', 'GO:0002682', 'GO:0022603', 'GO:0048583', 'GO:0050793', 'GO:0002822', 'GO:0050789', 'GO:0008150', 'GO:0050776'}"
GO:0002637,"{'GO:0002700', 'GO:0019222', 'GO:0010468', 'GO:0002697', 'GO:0065007', 'GO:0002682', 'GO:0060255', 'GO:0050789', 'GO:0008150'}"
GO:0003014,"{'GO:0008150', 'GO:0003008', 'GO:0032501'}"
GO:0048536,"{'GO:0032502', 'GO:0048513', 'GO:0048856', 'GO:0008150', 'GO:0048534'}"
GO:0051276,"{'GO:0009987', 'GO:0016043', 'GO:0071840', 'GO:0008150', 'GO:0006996'}"
GO:0032508,"{'GO:0071103', 'GO:0051276', 'GO:0006996', 'GO:0009987', 'GO:0016043', 'GO:0071840', 'GO:0008150', 'GO:0032392'}"
GO:0006310,"{'GO:1901360', 'GO:0009987', 'GO:0044237', 'GO:0006807', 'GO:0006725', 'GO:0071704', 'GO:0090304', 'GO:0043170', 'GO:0008150', 'GO:0008152', 'GO:0044238', 'GO:0034641', 'GO:0044260', 'GO:0046483', 'GO:0006139', 'GO:0006259'}"
GO:0090305,"{'GO:0044238', 'GO:1901360', 'GO:0006139', 'GO:0046483', 'GO:0034641', 'GO:0009987', 'GO:0044237', 'GO:0006807', 'GO:0006725', 'GO:0071704', 'GO:0090304', 'GO:0043170', 'GO:0008150', 'GO:0008152'}"
GO:0031954,"{'GO:0010562', 'GO:0031323', 'GO:0065007', 'GO:0019220', 'GO:0042325', 'GO:0051247', 'GO:0008150', 'GO:0048522', 'GO:0031325', 'GO:0050789', 'GO:0032270', 'GO:0009893', 'GO:0042327', 'GO:0051171', 'GO:0031401', 'GO:0001934', 'GO:0032268', 'GO:0050794', 'GO:0051173', 'GO:0031952', 'GO:0019222', 'GO:0001932', 'GO:0010604', 'GO:0080090', 'GO:0031399', 'GO:0060255', 'GO:0048518', 'GO:0045937', 'GO:0051246', 'GO:0051174'}"
GO:0007346,"{'GO:0051726', 'GO:0050794', 'GO:0065007', 'GO:0008150', 'GO:0050789'}"
GO:0000019,"{'GO:0051052', 'GO:0051171', 'GO:0019222', 'GO:0031323', 'GO:0080090', 'GO:0065007', 'GO:0000018', 'GO:0060255', 'GO:0050789', 'GO:0019219', 'GO:0050794', 'GO:0008150'}"
GO:0000722,"{'GO:1901360', 'GO:0065007', 'GO:0051276', 'GO:0009987', 'GO:0006807', 'GO:0006725', 'GO:0071704', 'GO:0090304', 'GO:0008150', 'GO:0000723', 'GO:0006312', 'GO:0034641', 'GO:0006310', 'GO:0046483', 'GO:0006139', 'GO:0006259', 'GO:0032200', 'GO:0065008', 'GO:0006996', 'GO:0044237', 'GO:0060249', 'GO:0071840', 'GO:0043170', 'GO:0008152', 'GO:0042592', 'GO:0044238', 'GO:0044260', 'GO:0016043'}"
GO:0007004,"{'GO:1901360', 'GO:0019438', 'GO:0065007', 'GO:0009058', 'GO:0051276', 'GO:0009987', 'GO:0006807', 'GO:0006725', 'GO:0071704', 'GO:0090304', 'GO:0008150', 'GO:0000723', 'GO:1901362', 'GO:0034641', 'GO:0010833', 'GO:1901576', 'GO:0046483', 'GO:0006139', 'GO:0006259', 'GO:0006278', 'GO:0034645', 'GO:0032200', 'GO:0065008', 'GO:0006996', 'GO:0034654', 'GO:0060249', 'GO:0044237', 'GO:0044271', 'GO:0071840', 'GO:0043170', 'GO:0008152', 'GO:0009059', 'GO:0018130', 'GO:0042592', 'GO:0044238', 'GO:0044260', 'GO:0044249', 'GO:0016043', 'GO:0071897'}"
GO:0031860,"{'GO:1901360', 'GO:0022616', 'GO:0009987', 'GO:0044237', 'GO:0006807', 'GO:0006725', 'GO:0071704', 'GO:0090304', 'GO:0043170', 'GO:0008150', 'GO:0008152', 'GO:0044238', 'GO:0034641', 'GO:0044260', 'GO:0046483', 'GO:0006139', 'GO:0006259'}"
GO:0006865,"{'GO:0006811', 'GO:0006820', 'GO:0051179', 'GO:0006810', 'GO:0051234', 'GO:0071702', 'GO:0015849', 'GO:0008150', 'GO:0071705'}"
GO:0015809,"{'GO:0046942', 'GO:0006811', 'GO:0006820', 'GO:0006865', 'GO:0051179', 'GO:0006810', 'GO:0006812', 'GO:0051234', 'GO:0015711', 'GO:0071702', 'GO:0015849', 'GO:0008150', 'GO:0071705', 'GO:0015802'}"
GO:0097638,"{'GO:1903825', 'GO:0009987', 'GO:0098657', 'GO:0015809', 'GO:0008150', 'GO:0071705', 'GO:0006811', 'GO:0098739', 'GO:0006810', 'GO:0043090', 'GO:1902023', 'GO:0071702', 'GO:0003333', 'GO:1903826', 'GO:0089718', 'GO:0006820', 'GO:0006865', 'GO:1990822', 'GO:0055085', 'GO:0051234', 'GO:0015711', 'GO:0034220', 'GO:0098656', 'GO:0015807', 'GO:1902475', 'GO:0046942', 'GO:1903400', 'GO:0051179', 'GO:0006812', 'GO:1905039', 'GO:0015849', 'GO:0015802', 'GO:0098655'}"
GO:0097639,"{'GO:1903825', 'GO:1902022', 'GO:0009987', 'GO:0098657', 'GO:0008150', 'GO:0071705', 'GO:0006811', 'GO:0098739', 'GO:0006810', 'GO:0043090', 'GO:0071702', 'GO:0003333', 'GO:0089718', 'GO:0006820', 'GO:0006865', 'GO:0055085', 'GO:0051234', 'GO:0015711', 'GO:0034220', 'GO:1903401', 'GO:0098656', 'GO:1902475', 'GO:0015807', 'GO:0046942', 'GO:0051179', 'GO:1905039', 'GO:0015849', 'GO:0006812', 'GO:0098655'}"
GO:0097640,"{'GO:1903825', 'GO:0098657', 'GO:0009987', 'GO:0008150', 'GO:0071705', 'GO:0006811', 'GO:0098739', 'GO:0006810', 'GO:0043090', 'GO:0015822', 'GO:0071702', 'GO:0003333', 'GO:0089718', 'GO:0006820', 'GO:0006865', 'GO:0055085', 'GO:0051234', 'GO:0015711', 'GO:0034220', 'GO:0098656', 'GO:1902475', 'GO:0015807', 'GO:0046942', 'GO:0051179', 'GO:1905039', 'GO:0015849', 'GO:1903352', 'GO:0006812', 'GO:0098655'}"
GO:1903352,"{'GO:0006820', 'GO:0006865', 'GO:1903825', 'GO:0055085', 'GO:0051234', 'GO:0009987', 'GO:0015711', 'GO:0034220', 'GO:0098656', 'GO:1902475', 'GO:0008150', 'GO:0071705', 'GO:0015807', 'GO:0046942', 'GO:0006811', 'GO:0051179', 'GO:0006810', 'GO:1905039', 'GO:0015822', 'GO:0071702', 'GO:0015849', 'GO:0003333', 'GO:0006812', 'GO:0098655'}"
GO:0015819,"{'GO:0046942', 'GO:0006811', 'GO:0006820', 'GO:0006865', 'GO:0051179', 'GO:0006810', 'GO:0006812', 'GO:0051234', 'GO:0015711', 'GO:0071702', 'GO:0015849', 'GO:0008150', 'GO:0071705', 'GO:0015802'}"
GO:0015822,"{'GO:0046942', 'GO:0006811', 'GO:0006820', 'GO:0051179', 'GO:0006865', 'GO:0006810', 'GO:0051234', 'GO:0015711', 'GO:0071702', 'GO:0015849', 'GO:0008150', 'GO:0071705', 'GO:0006812'}"
GO:0032006,"{'GO:0065007', 'GO:0009966', 'GO:0050794', 'GO:0048583', 'GO:1902531', 'GO:0050789', 'GO:0008150', 'GO:0010646', 'GO:0023051'}"
GO:0001822,"{'GO:0048513', 'GO:0048856', 'GO:0008150', 'GO:0032502'}"
GO:0007219,"{'GO:0009987', 'GO:0008150', 'GO:0050789', 'GO:0065007', 'GO:0007166', 'GO:0050794', 'GO:0007165'}"
GO:0002070,"{'GO:0071695', 'GO:0009987', 'GO:0021700', 'GO:0048869', 'GO:0032502', 'GO:0048469', 'GO:0008150'}"
GO:0060180,"{'GO:0007617', 'GO:0019098', 'GO:0007610', 'GO:0048609', 'GO:0008150', 'GO:0022414'}"
GO:0030518,"{'GO:0043401', 'GO:0065007', 'GO:0030522', 'GO:0050794', 'GO:0009987', 'GO:0009755', 'GO:0050789', 'GO:0007165', 'GO:0008150'}"
GO:0030879,"{'GO:0048732', 'GO:0032502', 'GO:0048513', 'GO:0048856', 'GO:0008150'}"
GO:1904709,"{'GO:0065007', 'GO:0043066', 'GO:0043067', 'GO:0060548', 'GO:0050794', 'GO:0043069', 'GO:0042981', 'GO:0010941', 'GO:0008150', 'GO:0048519', 'GO:1904708', 'GO:0048523', 'GO:0050789', 'GO:1904035', 'GO:1904036'}"
GO:0001542,"{'GO:0022414', 'GO:0048511', 'GO:0030728', 'GO:0048609', 'GO:0008150', 'GO:0022602'}"
GO:0038001,"{'GO:0007267', 'GO:0009987', 'GO:0023052', 'GO:0008150', 'GO:0007154'}"
GO:0014911,"{'GO:0040012', 'GO:0065007', 'GO:0051270', 'GO:0014910', 'GO:0051272', 'GO:0050794', 'GO:2000147', 'GO:0008150', 'GO:0048522', 'GO:0030335', 'GO:0040017', 'GO:0032879', 'GO:0048518', 'GO:0050789', 'GO:2000145', 'GO:0030334'}"
GO:0050847,"{'GO:0043401', 'GO:0065007', 'GO:0030522', 'GO:0030518', 'GO:0050789', 'GO:0009987', 'GO:0009755', 'GO:0050794', 'GO:0007165', 'GO:0008150'}"
GO:0050678,"{'GO:0042127', 'GO:0050794', 'GO:0065007', 'GO:0008150', 'GO:0050789'}"
GO:0042220,"{'GO:0042221', 'GO:0014070', 'GO:0050896', 'GO:0010033', 'GO:1901700', 'GO:0010243', 'GO:0043279', 'GO:0008150', 'GO:1901698'}"
GO:0060748,"{'GO:0003006', 'GO:0022414', 'GO:0008150', 'GO:0032502'}"
GO:0035609,"{'GO:0043412', 'GO:0019538', 'GO:0035608', 'GO:0006464', 'GO:0036211', 'GO:0006807', 'GO:0009987', 'GO:0044237', 'GO:0071704', 'GO:0044267', 'GO:0043170', 'GO:0008150', 'GO:0008152', 'GO:0018193', 'GO:0044238', 'GO:0018200', 'GO:0018410', 'GO:0044260', 'GO:0043687', 'GO:1901564'}"
GO:0035610,"{'GO:0043412', 'GO:0035608', 'GO:0019538', 'GO:0006464', 'GO:0036211', 'GO:0006807', 'GO:0009987', 'GO:0044237', 'GO:0071704', 'GO:0044267', 'GO:0043170', 'GO:0008150', 'GO:0008152', 'GO:0018193', 'GO:0044238', 'GO:0018200', 'GO:0044260', 'GO:1901564'}"
GO:0021707,"{'GO:0021533', 'GO:0032502', 'GO:0021953', 'GO:0009987', 'GO:0048869', 'GO:0008150', 'GO:0030154', 'GO:0030182'}"
GO:0001934,"{'GO:0010562', 'GO:0031323', 'GO:0065007', 'GO:0019220', 'GO:0051247', 'GO:0042325', 'GO:0008150', 'GO:0048522', 'GO:0031325', 'GO:0032270', 'GO:0050789', 'GO:0009893', 'GO:0042327', 'GO:0051171', 'GO:0031401', 'GO:0032268', 'GO:0050794', 'GO:0051173', 'GO:0019222', 'GO:0001932', 'GO:0010604', 'GO:0080090', 'GO:0031399', 'GO:0060255', 'GO:0048518', 'GO:0045937', 'GO:0051246', 'GO:0051174'}"
GO:0050773,"{'GO:0120035', 'GO:0031344', 'GO:0065007', 'GO:0050794', 'GO:0050789', 'GO:0050793', 'GO:0051128', 'GO:0010975', 'GO:0008150'}"
GO:0048814,"{'GO:0120035', 'GO:0031344', 'GO:0065007', 'GO:0050794', 'GO:0022603', 'GO:0050773', 'GO:0050793', 'GO:0010975', 'GO:0051128', 'GO:0050789', 'GO:0008150'}"
GO:0031214,"{'GO:0032502', 'GO:0048856', 'GO:0110148', 'GO:0008150', 'GO:0009888'}"
GO:0044380,"{'GO:0051179', 'GO:0033365', 'GO:0034613', 'GO:0051641', 'GO:0008104', 'GO:0009987', 'GO:0070727', 'GO:0033036', 'GO:0008150'}"
GO:0007165,"{'GO:0065007', 'GO:0050789', 'GO:0009987', 'GO:0050794', 'GO:0008150'}"
GO:0048820,"{'GO:0071695', 'GO:0032502', 'GO:0022405', 'GO:0032501', 'GO:0021700', 'GO:0022404', 'GO:0008150'}"
GO:0033313,"{'GO:0051726', 'GO:0000075', 'GO:0065007', 'GO:0022414', 'GO:0050794', 'GO:0022402', 'GO:0048519', 'GO:0009987', 'GO:0045786', 'GO:0048523', 'GO:1903046', 'GO:0050789', 'GO:0008150'}"
GO:0080009,"{'GO:0043412', 'GO:0016070', 'GO:1901360', 'GO:0016556', 'GO:0032259', 'GO:0016071', 'GO:0009987', 'GO:0044237', 'GO:0006807', 'GO:0006725', 'GO:0071704', 'GO:0090304', 'GO:0009451', 'GO:0043170', 'GO:0008150', 'GO:0008152', 'GO:0044238', 'GO:0034641', 'GO:0044260', 'GO:0001510', 'GO:0046483', 'GO:0006139', 'GO:0043414'}"
GO:0010793,"{'GO:0051049', 'GO:0043269', 'GO:0044070', 'GO:0065007', 'GO:0060341', 'GO:0032879', 'GO:0050789', 'GO:0032386', 'GO:2000197', 'GO:0046822', 'GO:0050794', 'GO:0032239', 'GO:0008150', 'GO:0046831'}"
GO:2000736,"{'GO:0050793', 'GO:0065007', 'GO:0050789', 'GO:0045595', 'GO:0050794', 'GO:0008150'}"
GO:0001510,"{'GO:0043412', 'GO:0016070', 'GO:1901360', 'GO:0032259', 'GO:0009987', 'GO:0044237', 'GO:0006807', 'GO:0006725', 'GO:0071704', 'GO:0090304', 'GO:0009451', 'GO:0043170', 'GO:0008150', 'GO:0008152', 'GO:0044238', 'GO:0044260', 'GO:0034641', 'GO:0046483', 'GO:0006139', 'GO:0043414'}"
GO:0030488,"{'GO:0016070', 'GO:1901360', 'GO:0009987', 'GO:0006807', 'GO:0006725', 'GO:0071704', 'GO:0090304', 'GO:0008033', 'GO:0008150', 'GO:0034641', 'GO:0006396', 'GO:0034660', 'GO:0001510', 'GO:0046483', 'GO:0006139', 'GO:0043412', 'GO:0034470', 'GO:0032259', 'GO:0044237', 'GO:0009451', 'GO:0043170', 'GO:0008152', 'GO:0044238', 'GO:0006399', 'GO:0044260', 'GO:0006400', 'GO:0043414'}"
GO:0036416,"{'GO:0045934', 'GO:0031323', 'GO:0065007', 'GO:0009894', 'GO:0031329', 'GO:0008150', 'GO:1903327', 'GO:0051172', 'GO:0043487', 'GO:0010468', 'GO:0036415', 'GO:1902369', 'GO:0031330', 'GO:0010608', 'GO:0048523', 'GO:0050789', 'GO:0031324', 'GO:1903326', 'GO:0051171', 'GO:1902371', 'GO:0065008', 'GO:0051253', 'GO:0043489', 'GO:0019219', 'GO:0050794', 'GO:0051252', 'GO:1902370', 'GO:0009895', 'GO:0019222', 'GO:0080090', 'GO:0060255', 'GO:0048519', 'GO:0010605', 'GO:0009892'}"
GO:0061158,"{'GO:0031323', 'GO:0009889', 'GO:0065007', 'GO:0009894', 'GO:0031331', 'GO:0010558', 'GO:0031329', 'GO:0008150', 'GO:2000113', 'GO:0051172', 'GO:1903313', 'GO:0043487', 'GO:0048522', 'GO:0010468', 'GO:2000112', 'GO:0034248', 'GO:0031326', 'GO:0051254', 'GO:0010608', 'GO:0031325', 'GO:0045935', 'GO:0050789', 'GO:0009893', 'GO:0048523', 'GO:0010556', 'GO:0031324', 'GO:1903311', 'GO:0034249', 'GO:0051171', 'GO:0031327', 'GO:0032269', 'GO:0065008', 'GO:0032268', 'GO:0019219', 'GO:0050794', 'GO:0010629', 'GO:0051252', 'GO:0061014', 'GO:0009896', 'GO:0061157', 'GO:0009890', 'GO:0051173', 'GO:0050779', 'GO:0019222', 'GO:0006417', 'GO:0010604', 'GO:0080090', 'GO:0060255', 'GO:0048518', 'GO:0048519', 'GO:0051248', 'GO:0051246', 'GO:0010605', 'GO:0043488', 'GO:0061013', 'GO:0009892', 'GO:0017148'}"
GO:0071310,"{'GO:0042221', 'GO:0050896', 'GO:0070887', 'GO:0010033', 'GO:0009987', 'GO:0051716', 'GO:0008150'}"
GO:0008543,"{'GO:0007167', 'GO:0065007', 'GO:0007169', 'GO:0050789', 'GO:0009987', 'GO:0050794', 'GO:0007165', 'GO:0007166', 'GO:0008150'}"
GO:0000082,"{'GO:1903047', 'GO:0044770', 'GO:0044843', 'GO:0022402', 'GO:0009987', 'GO:0044772', 'GO:0008150'}"
GO:0035278,"{'GO:0031323', 'GO:0009889', 'GO:0065007', 'GO:0010558', 'GO:2000113', 'GO:0008150', 'GO:0051172', 'GO:0010468', 'GO:2000112', 'GO:0034248', 'GO:0031326', 'GO:0048523', 'GO:0010608', 'GO:0010556', 'GO:0050789', 'GO:0031324', 'GO:0034249', 'GO:0051171', 'GO:0031327', 'GO:0032269', 'GO:0045974', 'GO:0032268', 'GO:0050794', 'GO:0010629', 'GO:0009890', 'GO:0040033', 'GO:0019222', 'GO:0006417', 'GO:0080090', 'GO:0060255', 'GO:0048519', 'GO:0051248', 'GO:0051246', 'GO:0010605', 'GO:0009892', 'GO:0017148'}"
GO:0010586,"{'GO:0016070', 'GO:1901360', 'GO:0009987', 'GO:0044237', 'GO:0006807', 'GO:0006725', 'GO:0071704', 'GO:0090304', 'GO:0043170', 'GO:0008150', 'GO:0008152', 'GO:0044238', 'GO:0034641', 'GO:0034660', 'GO:0046483', 'GO:0006139'}"
GO:0017148,"{'GO:0031323', 'GO:0009889', 'GO:0065007', 'GO:0010558', 'GO:2000113', 'GO:0008150', 'GO:0051172', 'GO:0010468', 'GO:2000112', 'GO:0034248', 'GO:0031326', 'GO:0048523', 'GO:0010608', 'GO:0010556', 'GO:0050789', 'GO:0031324', 'GO:0034249', 'GO:0051171', 'GO:0031327', 'GO:0032269', 'GO:0032268', 'GO:0050794', 'GO:0010629', 'GO:0009890', 'GO:0019222', 'GO:0006417', 'GO:0080090', 'GO:0060255', 'GO:0048519', 'GO:0051248', 'GO:0051246', 'GO:0010605', 'GO:0009892'}"
GO:0001843,"{'GO:0060606', 'GO:0035148', 'GO:0032502', 'GO:0048646', 'GO:0008150'}"
GO:2000637,"{'GO:0060966', 'GO:0065007', 'GO:0060148', 'GO:0060147', 'GO:0050794', 'GO:0008150', 'GO:0048522', 'GO:0019222', 'GO:0010468', 'GO:0060964', 'GO:0060255', 'GO:0048518', 'GO:0060968', 'GO:0050789'}"
GO:0010608,"{'GO:0019222', 'GO:0010468', 'GO:0050789', 'GO:0065007', 'GO:0008150', 'GO:0060255'}"
GO:0035196,"{'GO:0016070', 'GO:1901360', 'GO:0009987', 'GO:0044237', 'GO:0006807', 'GO:0006725', 'GO:0071704', 'GO:0090304', 'GO:0043170', 'GO:0008150', 'GO:0008152', 'GO:0044238', 'GO:0070918', 'GO:0034641', 'GO:0031050', 'GO:0006396', 'GO:0046483', 'GO:0006139'}"
GO:0051865,"{'GO:0016567', 'GO:0043412', 'GO:0019538', 'GO:0070647', 'GO:0006464', 'GO:0036211', 'GO:0006807', 'GO:0009987', 'GO:0044237', 'GO:0071704', 'GO:0044267', 'GO:0043170', 'GO:0008150', 'GO:0008152', 'GO:0044238', 'GO:0044260', 'GO:0032446', 'GO:1901564'}"
GO:0000209,"{'GO:0016567', 'GO:0043412', 'GO:0019538', 'GO:0070647', 'GO:0006464', 'GO:0036211', 'GO:0006807', 'GO:0009987', 'GO:0044237', 'GO:0071704', 'GO:0044267', 'GO:0043170', 'GO:0008150', 'GO:0008152', 'GO:0044238', 'GO:0044260', 'GO:0032446', 'GO:1901564'}"
GO:0060964,"{'GO:0060966', 'GO:0019222', 'GO:0010468', 'GO:0065007', 'GO:0060255', 'GO:0050789', 'GO:0060147', 'GO:0060968', 'GO:0050794', 'GO:0008150'}"
GO:2000177,"{'GO:0042127', 'GO:0050794', 'GO:0065007', 'GO:0008150', 'GO:0050789'}"
GO:0051246,"{'GO:0051171', 'GO:0019222', 'GO:0080090', 'GO:0065007', 'GO:0060255', 'GO:0050789', 'GO:0008150'}"
GO:0072089,"{'GO:0009987', 'GO:0008150', 'GO:0008283'}"
GO:0002561,"{'GO:0006887', 'GO:0002276', 'GO:0002274', 'GO:0051649', 'GO:0045575', 'GO:0002366', 'GO:0036230', 'GO:0009987', 'GO:0002252', 'GO:0051234', 'GO:0002275', 'GO:0008150', 'GO:0032940', 'GO:0001775', 'GO:0051179', 'GO:0016192', 'GO:0045321', 'GO:0046903', 'GO:0043299', 'GO:0006810', 'GO:0140352', 'GO:0002263', 'GO:0002376', 'GO:0045055'}"
GO:0007032,"{'GO:0009987', 'GO:0016050', 'GO:0016043', 'GO:0071840', 'GO:0008150', 'GO:0006996'}"
GO:0007030,"{'GO:0009987', 'GO:0016043', 'GO:0071840', 'GO:0008150', 'GO:0006996'}"
GO:0006661,"{'GO:0006629', 'GO:0090407', 'GO:0009058', 'GO:0006650', 'GO:0009987', 'GO:0044237', 'GO:0019637', 'GO:0071704', 'GO:0006796', 'GO:0044255', 'GO:0008150', 'GO:0006644', 'GO:0008152', 'GO:0044238', 'GO:0008610', 'GO:0008654', 'GO:0046474', 'GO:0046488', 'GO:0045017', 'GO:0006793', 'GO:1901576', 'GO:0044249', 'GO:0046486'}"
GO:0046854,"{'GO:0006629', 'GO:0016310', 'GO:0006650', 'GO:0009987', 'GO:0044237', 'GO:0019637', 'GO:0046834', 'GO:0044255', 'GO:0006796', 'GO:0071704', 'GO:0008150', 'GO:0006644', 'GO:0008152', 'GO:0044238', 'GO:0046488', 'GO:0006793', 'GO:0030258', 'GO:0046486'}"
GO:0030198,"{'GO:0043062', 'GO:0045229', 'GO:0009987', 'GO:0016043', 'GO:0071840', 'GO:0008150'}"
GO:0090630,"{'GO:0051336', 'GO:0043085', 'GO:0065009', 'GO:0065007', 'GO:0050790', 'GO:0044093', 'GO:0051345', 'GO:0043547', 'GO:0043087', 'GO:0008150'}"
GO:0032049,"{'GO:0006629', 'GO:0032048', 'GO:0090407', 'GO:0046471', 'GO:0009058', 'GO:0006650', 'GO:0009987', 'GO:0044237', 'GO:0019637', 'GO:0071704', 'GO:0006796', 'GO:0044255', 'GO:0008150', 'GO:0006644', 'GO:0008152', 'GO:0006655', 'GO:0044238', 'GO:0008610', 'GO:0008654', 'GO:0046474', 'GO:0045017', 'GO:0006793', 'GO:1901576', 'GO:0044249', 'GO:0046486'}"
GO:0016024,"{'GO:0006629', 'GO:0090407', 'GO:0009058', 'GO:0006650', 'GO:0009987', 'GO:0044237', 'GO:0019637', 'GO:0071704', 'GO:0006796', 'GO:0044255', 'GO:0008150', 'GO:0006644', 'GO:0008152', 'GO:0044238', 'GO:0008610', 'GO:0008654', 'GO:0046474', 'GO:0046341', 'GO:0045017', 'GO:0006793', 'GO:1901576', 'GO:0044249', 'GO:0046486'}"
GO:0006048,"{'GO:1901137', 'GO:1901360', 'GO:0019438', 'GO:0009058', 'GO:0009987', 'GO:0006807', 'GO:0006725', 'GO:0071704', 'GO:0008150', 'GO:1901135', 'GO:1901362', 'GO:0034641', 'GO:0006793', 'GO:1901576', 'GO:0006040', 'GO:0046483', 'GO:0055086', 'GO:0006139', 'GO:0009225', 'GO:0034654', 'GO:0044237', 'GO:0044271', 'GO:0008152', 'GO:0018130', 'GO:0044238', 'GO:0009226', 'GO:0044281', 'GO:0046349', 'GO:0044249', 'GO:0006047'}"
GO:0000380,"{'GO:0016070', 'GO:1901360', 'GO:0000377', 'GO:0016071', 'GO:0009987', 'GO:0044237', 'GO:0006807', 'GO:0006725', 'GO:0071704', 'GO:0090304', 'GO:0043170', 'GO:0008150', 'GO:0008152', 'GO:0044238', 'GO:0008380', 'GO:0006397', 'GO:0034641', 'GO:0006396', 'GO:0046483', 'GO:0006139', 'GO:0000375', 'GO:0000398'}"
GO:0045292,"{'GO:0016070', 'GO:1901360', 'GO:0000377', 'GO:0016071', 'GO:0009987', 'GO:0044237', 'GO:0006807', 'GO:0006725', 'GO:0071704', 'GO:0090304', 'GO:0043170', 'GO:0008150', 'GO:0008152', 'GO:0044238', 'GO:0008380', 'GO:0006397', 'GO:0034641', 'GO:0006396', 'GO:0046483', 'GO:0006139', 'GO:0000375', 'GO:0000398'}"
GO:0006376,"{'GO:0071826', 'GO:0022618', 'GO:0022607', 'GO:0009987', 'GO:0034622', 'GO:0016043', 'GO:0071840', 'GO:0043933', 'GO:0065003', 'GO:0008150'}"
GO:0060548,"{'GO:0065007', 'GO:0050794', 'GO:0048519', 'GO:0048523', 'GO:0050789', 'GO:0008150', 'GO:0010941'}"
GO:0045617,"{'GO:0045683', 'GO:0051241', 'GO:0065007', 'GO:0045596', 'GO:0050793', 'GO:0045616', 'GO:0051093', 'GO:0050794', 'GO:0008150', 'GO:0030857', 'GO:0045605', 'GO:0051239', 'GO:0045595', 'GO:0030856', 'GO:2000026', 'GO:0045604', 'GO:0048519', 'GO:0045682', 'GO:0048523', 'GO:0050789'}"
GO:0048025,"{'GO:0045934', 'GO:0031323', 'GO:0065007', 'GO:0050686', 'GO:0008150', 'GO:0051172', 'GO:0010468', 'GO:0048024', 'GO:0033119', 'GO:0050684', 'GO:0048523', 'GO:0050789', 'GO:0031324', 'GO:1903311', 'GO:0051171', 'GO:0043484', 'GO:1903312', 'GO:0051253', 'GO:0019219', 'GO:0010629', 'GO:0050794', 'GO:0051252', 'GO:0019222', 'GO:0080090', 'GO:0060255', 'GO:0048519', 'GO:0010605', 'GO:0009892'}"
GO:0060501,"{'GO:0065007', 'GO:0050794', 'GO:0008150', 'GO:0042127', 'GO:0048522', 'GO:2000794', 'GO:0048518', 'GO:0050789', 'GO:0050679', 'GO:0050678', 'GO:0008284'}"
GO:0000381,"{'GO:0051171', 'GO:0043484', 'GO:0031323', 'GO:0065007', 'GO:0019219', 'GO:0050794', 'GO:0051252', 'GO:0008150', 'GO:0019222', 'GO:0010468', 'GO:0048024', 'GO:0080090', 'GO:0060255', 'GO:0050684', 'GO:0050789', 'GO:1903311'}"
GO:0010837,"{'GO:0042127', 'GO:0050678', 'GO:0065007', 'GO:0050794', 'GO:0008150', 'GO:0050789'}"
GO:0061041,"{'GO:1903034', 'GO:0080134', 'GO:0050789', 'GO:0065007', 'GO:0008150', 'GO:0048583'}"
GO:0032868,"{'GO:0042221', 'GO:1901652', 'GO:1901700', 'GO:0050896', 'GO:0010033', 'GO:0009725', 'GO:0009719', 'GO:0043434', 'GO:0010243', 'GO:0008150', 'GO:1901698'}"
GO:0016567,"{'GO:0043412', 'GO:0019538', 'GO:0070647', 'GO:0006464', 'GO:0036211', 'GO:0006807', 'GO:0009987', 'GO:0044237', 'GO:0071704', 'GO:0044267', 'GO:0043170', 'GO:0008150', 'GO:0008152', 'GO:0044238', 'GO:0044260', 'GO:0032446', 'GO:1901564'}"
GO:0007257,"{'GO:0010562', 'GO:1902533', 'GO:0031323', 'GO:0065007', 'GO:0010647', 'GO:0019220', 'GO:0048583', 'GO:0051247', 'GO:0009966', 'GO:0000187', 'GO:0071902', 'GO:0032270', 'GO:0051338', 'GO:0043406', 'GO:0043507', 'GO:0051171', 'GO:0043085', 'GO:0031401', 'GO:0033674', 'GO:0001934', 'GO:0009967', 'GO:0050794', 'GO:0043549', 'GO:0051173', 'GO:0001932', 'GO:0010604', 'GO:0080090', 'GO:0048584', 'GO:0031399', 'GO:0045860', 'GO:0048518', 'GO:0051174', 'GO:0043506', 'GO:0043405', 'GO:0050790', 'GO:0051347', 'GO:0042325', 'GO:0008150', 'GO:0048522', 'GO:0043410', 'GO:0071900', 'GO:0031325', 'GO:0045859', 'GO:0050789', 'GO:0009893', 'GO:0010646', 'GO:0032147', 'GO:0042327', 'GO:0023056', 'GO:0043408', 'GO:0065009', 'GO:0032268', 'GO:0019222', 'GO:0060255', 'GO:0045937', 'GO:1902531', 'GO:0051246', 'GO:0044093', 'GO:0023051'}"
GO:0006915,"{'GO:0009987', 'GO:0008150', 'GO:0008219', 'GO:0012501'}"
GO:0046777,"{'GO:0016310', 'GO:0043412', 'GO:0019538', 'GO:0006464', 'GO:0009987', 'GO:0044237', 'GO:0036211', 'GO:0006807', 'GO:0071704', 'GO:0006796', 'GO:0044267', 'GO:0043170', 'GO:0008150', 'GO:0008152', 'GO:0044238', 'GO:0044260', 'GO:0006468', 'GO:0006793', 'GO:1901564'}"
GO:0006198,"{'GO:0034655', 'GO:0019438', 'GO:1901361', 'GO:0009987', 'GO:0006807', 'GO:0006796', 'GO:0046700', 'GO:1901135', 'GO:1901136', 'GO:0046058', 'GO:1901362', 'GO:0034641', 'GO:0006793', 'GO:1901576', 'GO:0044283', 'GO:1901565', 'GO:0009154', 'GO:0009259', 'GO:0006195', 'GO:0044237', 'GO:0008152', 'GO:0044248', 'GO:0072521', 'GO:0044281', 'GO:1901575', 'GO:0009150', 'GO:1901360', 'GO:0009058', 'GO:0009187', 'GO:0034404', 'GO:0019637', 'GO:0006725', 'GO:0071704', 'GO:0008150', 'GO:0009214', 'GO:0046483', 'GO:0055086', 'GO:0009117', 'GO:0006139', 'GO:1901564', 'GO:0006163', 'GO:0019693', 'GO:0009056', 'GO:0046434', 'GO:0034654', 'GO:0044271', 'GO:0009261', 'GO:0018130', 'GO:0044270', 'GO:0044238', 'GO:0072523', 'GO:1901292', 'GO:0006753', 'GO:0009166', 'GO:0044249', 'GO:0019439'}"
GO:0061179,"{'GO:0043269', 'GO:0065007', 'GO:0046888', 'GO:0048583', 'GO:1903531', 'GO:1904950', 'GO:0008150', 'GO:0050796', 'GO:0090276', 'GO:0032880', 'GO:0002791', 'GO:0046883', 'GO:0002792', 'GO:0051046', 'GO:0043271', 'GO:0046676', 'GO:0048523', 'GO:0010817', 'GO:0050789', 'GO:1903792', 'GO:0010646', 'GO:0010648', 'GO:0051051', 'GO:0051049', 'GO:0023057', 'GO:0061178', 'GO:0051223', 'GO:0065008', 'GO:0048585', 'GO:0051048', 'GO:0050794', 'GO:0050709', 'GO:0050708', 'GO:1903530', 'GO:0070201', 'GO:0090278', 'GO:0044070', 'GO:0060341', 'GO:0032879', 'GO:0048519', 'GO:0090087', 'GO:0051224', 'GO:0023051'}"
GO:0035162,"{'GO:0048568', 'GO:0032502', 'GO:0048534', 'GO:0048513', 'GO:0048856', 'GO:0008150', 'GO:0030097'}"
GO:0048568,"{'GO:0048513', 'GO:0048856', 'GO:0008150', 'GO:0032502'}"
GO:0035195,"{'GO:0065007', 'GO:0009987', 'GO:0010629', 'GO:0016441', 'GO:0008150', 'GO:0016458', 'GO:0031047', 'GO:0019222', 'GO:0010468', 'GO:0035194', 'GO:0060255', 'GO:0048519', 'GO:0010605', 'GO:0010608', 'GO:0050789', 'GO:0009892'}"
GO:1900153,"{'GO:0031323', 'GO:0065007', 'GO:0009894', 'GO:0031331', 'GO:0031329', 'GO:1900151', 'GO:0008150', 'GO:1903313', 'GO:0048522', 'GO:0010468', 'GO:0051254', 'GO:0031325', 'GO:0045935', 'GO:0050789', 'GO:0009893', 'GO:1903311', 'GO:0051171', 'GO:0019219', 'GO:0050794', 'GO:0051252', 'GO:0061014', 'GO:0009896', 'GO:0051173', 'GO:0019222', 'GO:0010604', 'GO:0080090', 'GO:0060255', 'GO:0048518', 'GO:0061013'}"
GO:0060213,"{'GO:0031323', 'GO:0065007', 'GO:0009894', 'GO:0031331', 'GO:0031329', 'GO:0008150', 'GO:1903313', 'GO:0048522', 'GO:0010468', 'GO:0051254', 'GO:0031325', 'GO:0060211', 'GO:0045935', 'GO:0050789', 'GO:0009893', 'GO:1903311', 'GO:0051171', 'GO:0019219', 'GO:0050794', 'GO:0051252', 'GO:0061014', 'GO:0009896', 'GO:0051173', 'GO:0019222', 'GO:0010604', 'GO:0080090', 'GO:0060255', 'GO:0048518', 'GO:0061013'}"
GO:1901799,"{'GO:0031323', 'GO:0065007', 'GO:0009894', 'GO:0031329', 'GO:0061136', 'GO:0008150', 'GO:0051172', 'GO:0031330', 'GO:0048523', 'GO:0045861', 'GO:0031324', 'GO:0050789', 'GO:1903362', 'GO:0051171', 'GO:0042176', 'GO:0032269', 'GO:1903051', 'GO:0032268', 'GO:0050794', 'GO:0042177', 'GO:1903363', 'GO:0009895', 'GO:0019222', 'GO:0030162', 'GO:0080090', 'GO:0060255', 'GO:1903050', 'GO:0048519', 'GO:0051246', 'GO:0051248', 'GO:0010605', 'GO:0009892'}"
GO:0048642,"{'GO:0048634', 'GO:0048635', 'GO:0051241', 'GO:0065007', 'GO:1901861', 'GO:0048641', 'GO:0050793', 'GO:0051093', 'GO:0008150', 'GO:0051239', 'GO:0048519', 'GO:1901862', 'GO:0016202', 'GO:0050789', 'GO:0045843'}"
GO:0090068,"{'GO:0051726', 'GO:0048522', 'GO:0045787', 'GO:0065007', 'GO:0048518', 'GO:0050789', 'GO:0010564', 'GO:0050794', 'GO:0008150'}"
GO:0016579,"{'GO:0043412', 'GO:0019538', 'GO:0070646', 'GO:0070647', 'GO:0006464', 'GO:0036211', 'GO:0006807', 'GO:0009987', 'GO:0044237', 'GO:0071704', 'GO:0044267', 'GO:0043170', 'GO:0008150', 'GO:0008152', 'GO:0044238', 'GO:0044260', 'GO:0006508', 'GO:1901564'}"
GO:0071108,"{'GO:0043412', 'GO:0019538', 'GO:0070646', 'GO:0070647', 'GO:0006464', 'GO:0036211', 'GO:0006807', 'GO:0009987', 'GO:0044237', 'GO:0071704', 'GO:0044267', 'GO:0043170', 'GO:0008150', 'GO:0008152', 'GO:0044238', 'GO:0044260', 'GO:0016579', 'GO:0006508', 'GO:1901564'}"
GO:0050821,"{'GO:0065007', 'GO:0031647', 'GO:0008150', 'GO:0065008'}"
GO:1900037,"{'GO:0080135', 'GO:0080134', 'GO:0050789', 'GO:0065007', 'GO:0050794', 'GO:0008150', 'GO:0048583'}"
GO:1904292,"{'GO:0051171', 'GO:0042176', 'GO:0031323', 'GO:0065007', 'GO:0009894', 'GO:0048583', 'GO:0032268', 'GO:0080135', 'GO:0080134', 'GO:0061136', 'GO:0031329', 'GO:0050794', 'GO:0008150', 'GO:0019222', 'GO:0030162', 'GO:0080090', 'GO:0060255', 'GO:1903050', 'GO:1905897', 'GO:0051246', 'GO:0050789', 'GO:1903362'}"
GO:0031647,"{'GO:0065007', 'GO:0008150', 'GO:0065008'}"
GO:0030433,"{'GO:0019538', 'GO:0043161', 'GO:0010033', 'GO:0006511', 'GO:0006807', 'GO:0009987', 'GO:0071704', 'GO:0034976', 'GO:0051603', 'GO:0008150', 'GO:0010498', 'GO:0042221', 'GO:1901565', 'GO:0044265', 'GO:1901564', 'GO:0009056', 'GO:0050896', 'GO:0044237', 'GO:0051716', 'GO:0043170', 'GO:0019941', 'GO:0008152', 'GO:1901698', 'GO:0009057', 'GO:0043632', 'GO:0044248', 'GO:0044238', 'GO:1901575', 'GO:0044260', 'GO:0036503', 'GO:0030163', 'GO:0010243', 'GO:0006508', 'GO:0006950', 'GO:0033554'}"
GO:0045022,"{'GO:0051649', 'GO:0051234', 'GO:0009987', 'GO:0051641', 'GO:0016482', 'GO:0008150', 'GO:0051179', 'GO:0016192', 'GO:0006810', 'GO:0046907', 'GO:0098927'}"
GO:0035646,"{'GO:0051179', 'GO:0051649', 'GO:0043485', 'GO:0006810', 'GO:0051234', 'GO:0046907', 'GO:0051641', 'GO:0009987', 'GO:0008150'}"
GO:0035544,"{'GO:0051049', 'GO:0065007', 'GO:0043254', 'GO:0051129', 'GO:0050794', 'GO:0008150', 'GO:0031338', 'GO:0031333', 'GO:0035542', 'GO:0060627', 'GO:0044087', 'GO:0032879', 'GO:0048519', 'GO:0050789', 'GO:0033043', 'GO:0048523', 'GO:0051128', 'GO:0031339', 'GO:0010639', 'GO:0051051'}"
GO:0048812,"{'GO:0032502', 'GO:0048858', 'GO:0032989', 'GO:0009987', 'GO:0032990', 'GO:0048869', 'GO:0120039', 'GO:0016043', 'GO:0071840', 'GO:0030030', 'GO:0009653', 'GO:0008150'}"
GO:0050775,"{'GO:0045597', 'GO:0031344', 'GO:0065007', 'GO:0050769', 'GO:0051962', 'GO:0008150', 'GO:0048522', 'GO:0051239', 'GO:0045595', 'GO:2000026', 'GO:0022603', 'GO:0051960', 'GO:0050789', 'GO:0010770', 'GO:0050773', 'GO:0050767', 'GO:0060284', 'GO:0120035', 'GO:0051240', 'GO:0050793', 'GO:0051130', 'GO:0010720', 'GO:0010975', 'GO:0050794', 'GO:0051094', 'GO:0022604', 'GO:0048518', 'GO:0048814', 'GO:0031346', 'GO:0010769', 'GO:0051128'}"
GO:1990126,"{'GO:0098876', 'GO:0051649', 'GO:0051234', 'GO:0009987', 'GO:0051641', 'GO:0008150', 'GO:0051179', 'GO:0016192', 'GO:0006810', 'GO:0046907', 'GO:0016197'}"
GO:0031532,"{'GO:0030036', 'GO:0006996', 'GO:0007010', 'GO:0009987', 'GO:0016043', 'GO:0071840', 'GO:0030029', 'GO:0008150'}"
GO:0031032,"{'GO:0030036', 'GO:0006996', 'GO:0007010', 'GO:0009987', 'GO:0016043', 'GO:0071840', 'GO:0030029', 'GO:0008150'}"
GO:0016477,"{'GO:0048870', 'GO:0006928', 'GO:0009987', 'GO:0040011', 'GO:0008150'}"
GO:0007010,"{'GO:0009987', 'GO:0016043', 'GO:0071840', 'GO:0008150', 'GO:0006996'}"
GO:0007097,"{'GO:0051656', 'GO:0051179', 'GO:0051649', 'GO:0006810', 'GO:0051640', 'GO:0051234', 'GO:0046907', 'GO:0051641', 'GO:0009987', 'GO:0008150', 'GO:0051647'}"
GO:0018107,"{'GO:0043412', 'GO:0016310', 'GO:0019538', 'GO:0006464', 'GO:0036211', 'GO:0006807', 'GO:0009987', 'GO:0044237', 'GO:0071704', 'GO:0006796', 'GO:0044267', 'GO:0043170', 'GO:0008150', 'GO:0008152', 'GO:0018193', 'GO:0044238', 'GO:0044260', 'GO:0006468', 'GO:0006793', 'GO:0018210', 'GO:1901564'}"
GO:0051056,"{'GO:0065007', 'GO:0009966', 'GO:0050794', 'GO:0048583', 'GO:1902531', 'GO:0050789', 'GO:0008150', 'GO:0010646', 'GO:0023051'}"
GO:0071557,"{'GO:0043412', 'GO:0016577', 'GO:0019538', 'GO:0070076', 'GO:0006464', 'GO:0009987', 'GO:0036211', 'GO:0006807', 'GO:0044237', 'GO:0070988', 'GO:0071840', 'GO:0071704', 'GO:0044267', 'GO:0043170', 'GO:0008150', 'GO:0008152', 'GO:0016569', 'GO:0006325', 'GO:0044238', 'GO:0044260', 'GO:0016043', 'GO:0006482', 'GO:0008214', 'GO:0016570', 'GO:1901564'}"
GO:0070544,"{'GO:0043412', 'GO:0016577', 'GO:0019538', 'GO:0070076', 'GO:0006464', 'GO:0009987', 'GO:0036211', 'GO:0006807', 'GO:0044237', 'GO:0070988', 'GO:0071840', 'GO:0071704', 'GO:0044267', 'GO:0043170', 'GO:0008150', 'GO:0008152', 'GO:0016569', 'GO:0006325', 'GO:0044238', 'GO:0044260', 'GO:0016043', 'GO:0006482', 'GO:0008214', 'GO:0016570', 'GO:1901564'}"
GO:0033169,"{'GO:0043412', 'GO:0016577', 'GO:0019538', 'GO:0070076', 'GO:0006464', 'GO:0009987', 'GO:0036211', 'GO:0006807', 'GO:0044237', 'GO:0070988', 'GO:0071840', 'GO:0071704', 'GO:0044267', 'GO:0043170', 'GO:0008150', 'GO:0008152', 'GO:0016569', 'GO:0006325', 'GO:0044238', 'GO:0044260', 'GO:0016043', 'GO:0006482', 'GO:0008214', 'GO:0016570', 'GO:1901564'}"
GO:0035574,"{'GO:0043412', 'GO:0016577', 'GO:0019538', 'GO:0070076', 'GO:0006464', 'GO:0009987', 'GO:0036211', 'GO:0006807', 'GO:0044237', 'GO:0070988', 'GO:0071840', 'GO:0071704', 'GO:0044267', 'GO:0043170', 'GO:0008150', 'GO:0008152', 'GO:0016569', 'GO:0006325', 'GO:0044238', 'GO:0044260', 'GO:0016043', 'GO:0006482', 'GO:0008214', 'GO:0016570', 'GO:1901564'}"
GO:0030901,"{'GO:0048856', 'GO:0008150', 'GO:0032502'}"
GO:0007080,"{'GO:0051656', 'GO:0051179', 'GO:1903047', 'GO:0051649', 'GO:0050000', 'GO:0022402', 'GO:0051303', 'GO:0051640', 'GO:0009987', 'GO:0051234', 'GO:0051641', 'GO:0051310', 'GO:0008150'}"
GO:0031116,"{'GO:0031113', 'GO:0044089', 'GO:0032886', 'GO:0065007', 'GO:0051493', 'GO:0031112', 'GO:0051130', 'GO:0043254', 'GO:0050794', 'GO:0008150', 'GO:1902903', 'GO:0048522', 'GO:0010638', 'GO:0070507', 'GO:0044087', 'GO:0031110', 'GO:0048518', 'GO:0032271', 'GO:0032273', 'GO:0051495', 'GO:0033043', 'GO:0051128', 'GO:0050789', 'GO:0031334', 'GO:1902905'}"
GO:1902412,"{'GO:0051726', 'GO:0065007', 'GO:0050794', 'GO:0032465', 'GO:0010564', 'GO:0051302', 'GO:0050789', 'GO:0008150'}"
GO:0060236,"{'GO:0051726', 'GO:0032886', 'GO:0065007', 'GO:0070507', 'GO:0051493', 'GO:0010564', 'GO:0050789', 'GO:0033043', 'GO:0051128', 'GO:0050794', 'GO:0090224', 'GO:0008150'}"
GO:0030036,"{'GO:0006996', 'GO:0007010', 'GO:0009987', 'GO:0016043', 'GO:0071840', 'GO:0030029', 'GO:0008150'}"
GO:0051017,"{'GO:0097435', 'GO:0061572', 'GO:0022607', 'GO:0009987', 'GO:0016043', 'GO:0007015', 'GO:0071840', 'GO:0008150'}"
GO:0007628,"{'GO:0030534', 'GO:0008344', 'GO:0090659', 'GO:0007610', 'GO:0032501', 'GO:0007626', 'GO:0008150'}"
GO:0002118,"{'GO:0007610', 'GO:0008150'}"
GO:0046632,"{'GO:0002521', 'GO:0046631', 'GO:0030098', 'GO:0032502', 'GO:0009987', 'GO:1903131', 'GO:0008150', 'GO:0030154', 'GO:0042110', 'GO:0001775', 'GO:0045321', 'GO:0002376', 'GO:0048869', 'GO:0030217', 'GO:0046649'}"
GO:0031223,"{'GO:0007610', 'GO:0008150', 'GO:0007638'}"
GO:0060020,"{'GO:0009987', 'GO:0010001', 'GO:0048869', 'GO:0032502', 'GO:0048708', 'GO:0008150', 'GO:0030154'}"
GO:0021587,"{'GO:0009653', 'GO:0008150', 'GO:0032502'}"
GO:0072359,"{'GO:0048856', 'GO:0008150', 'GO:0048731', 'GO:0032502'}"
GO:0048813,"{'GO:0032502', 'GO:0048858', 'GO:0032989', 'GO:0009987', 'GO:0048869', 'GO:0120039', 'GO:0016043', 'GO:0071840', 'GO:0032990', 'GO:0030030', 'GO:0009653', 'GO:0048812', 'GO:0008150'}"
GO:0097062,"{'GO:0099173', 'GO:0097061', 'GO:0043954', 'GO:0120036', 'GO:0009987', 'GO:0106027', 'GO:0016043', 'GO:0030030', 'GO:0071840', 'GO:0008150'}"
GO:0007173,"{'GO:0007167', 'GO:0065007', 'GO:0050794', 'GO:0007169', 'GO:0009987', 'GO:0050789', 'GO:0007165', 'GO:0007166', 'GO:0008150', 'GO:0038127'}"
GO:0035640,"{'GO:0007610', 'GO:0008150'}"
GO:0007612,"{'GO:0007611', 'GO:0050890', 'GO:0003008', 'GO:0007610', 'GO:0008150', 'GO:0050877', 'GO:0032501'}"
GO:0022408,"{'GO:0065007', 'GO:0050794', 'GO:0022407', 'GO:0050789', 'GO:0048519', 'GO:0048523', 'GO:0007162', 'GO:0030155', 'GO:0008150'}"
GO:2000352,"{'GO:0065007', 'GO:0043066', 'GO:0043067', 'GO:2000351', 'GO:0060548', 'GO:0050794', 'GO:0043069', 'GO:0042981', 'GO:0010941', 'GO:0008150', 'GO:0048519', 'GO:0048523', 'GO:0050789', 'GO:1904035', 'GO:1904036'}"
GO:0035024,"{'GO:0065007', 'GO:0051056', 'GO:0048583', 'GO:0051058', 'GO:0008150', 'GO:0046580', 'GO:0009966', 'GO:1902532', 'GO:0035023', 'GO:0048523', 'GO:0050789', 'GO:0010646', 'GO:0010648', 'GO:0023057', 'GO:0048585', 'GO:0050794', 'GO:0009968', 'GO:0046578', 'GO:0048519', 'GO:1902531', 'GO:0023051'}"
GO:0060563,"{'GO:0009987', 'GO:0048869', 'GO:0032502', 'GO:0002065', 'GO:0008150', 'GO:0030855', 'GO:0030154'}"
GO:0050885,"{'GO:0050905', 'GO:0003008', 'GO:0008150', 'GO:0050877', 'GO:0032501'}"
GO:0016322,"{'GO:0071695', 'GO:0032502', 'GO:0042551', 'GO:0009987', 'GO:0021700', 'GO:0048869', 'GO:0048469', 'GO:0008150'}"
GO:0018108,"{'GO:0043412', 'GO:0016310', 'GO:0019538', 'GO:0006464', 'GO:0036211', 'GO:0006807', 'GO:0009987', 'GO:0044237', 'GO:0071704', 'GO:0006796', 'GO:0044267', 'GO:0043170', 'GO:0008150', 'GO:0008152', 'GO:0018193', 'GO:0044238', 'GO:0044260', 'GO:0006468', 'GO:0006793', 'GO:0018212', 'GO:1901564'}"
GO:0006909,"{'GO:0051234', 'GO:0009987', 'GO:0051179', 'GO:0016192', 'GO:0006810', 'GO:0008150'}"
GO:0048008,"{'GO:0007167', 'GO:0065007', 'GO:0007169', 'GO:0050789', 'GO:0009987', 'GO:0050794', 'GO:0007165', 'GO:0007166', 'GO:0008150'}"
GO:0007204,"{'GO:0065007', 'GO:0019725', 'GO:0065008', 'GO:0055080', 'GO:0009987', 'GO:0072503', 'GO:0006873', 'GO:0055074', 'GO:0008150', 'GO:0030003', 'GO:0006875', 'GO:0051480', 'GO:0042592', 'GO:0006874', 'GO:0055065', 'GO:0048878', 'GO:0050801', 'GO:0055082', 'GO:0072507', 'GO:0098771'}"
GO:0032743,"{'GO:0032663', 'GO:0051240', 'GO:0001817', 'GO:0065007', 'GO:0010628', 'GO:0001819', 'GO:0008150', 'GO:0009893', 'GO:0019222', 'GO:0010468', 'GO:0051239', 'GO:0010604', 'GO:0060255', 'GO:0048518', 'GO:0050789'}"
GO:0010863,"{'GO:0051336', 'GO:0043085', 'GO:0060191', 'GO:0065009', 'GO:0065007', 'GO:0050790', 'GO:1900274', 'GO:0044093', 'GO:0051345', 'GO:0010518', 'GO:0060193', 'GO:0010517', 'GO:0008150'}"
GO:0032092,"{'GO:0043393', 'GO:0065009', 'GO:0051099', 'GO:0065007', 'GO:0044093', 'GO:0051098', 'GO:0008150'}"
GO:2000096,"{'GO:0023056', 'GO:0030111', 'GO:0030177', 'GO:0065007', 'GO:0010647', 'GO:0048583', 'GO:2000050', 'GO:0050793', 'GO:0023051', 'GO:2000027', 'GO:0009967', 'GO:0090175', 'GO:0050794', 'GO:0008150', 'GO:2000095', 'GO:0009966', 'GO:0048522', 'GO:0048584', 'GO:0048518', 'GO:0022603', 'GO:0050789', 'GO:0010646', 'GO:2000052'}"
GO:1903053,"{'GO:0051128', 'GO:0050794', 'GO:0065007', 'GO:0008150', 'GO:0050789'}"
GO:0022414,{'GO:0008150'}
GO:0006930,"{'GO:0030031', 'GO:0022607', 'GO:0009987', 'GO:0120036', 'GO:0016043', 'GO:0071840', 'GO:0120031', 'GO:0030030', 'GO:0008150'}"
GO:0008542,"{'GO:0007612', 'GO:0050890', 'GO:0007632', 'GO:0003008', 'GO:0007610', 'GO:0050896', 'GO:0032501', 'GO:0008306', 'GO:0007611', 'GO:0009314', 'GO:0009628', 'GO:0008150', 'GO:0050877', 'GO:0009416'}"
GO:0006629,"{'GO:0044238', 'GO:0071704', 'GO:0008150', 'GO:0008152'}"
GO:0015718,"{'GO:0046942', 'GO:0006811', 'GO:0006820', 'GO:0051179', 'GO:0006810', 'GO:0051234', 'GO:0015711', 'GO:0071702', 'GO:0008150'}"
GO:0017183,"{'GO:0043412', 'GO:0051171', 'GO:0019538', 'GO:0031323', 'GO:0009889', 'GO:0065007', 'GO:0009058', 'GO:1900247', 'GO:0006464', 'GO:0036211', 'GO:0006807', 'GO:0009987', 'GO:0044237', 'GO:0032268', 'GO:0071704', 'GO:0044267', 'GO:0050794', 'GO:0043170', 'GO:0008150', 'GO:0008152', 'GO:0018193', 'GO:0044238', 'GO:0006417', 'GO:0019222', 'GO:0010468', 'GO:0080090', 'GO:0034248', 'GO:0044260', 'GO:0017182', 'GO:0018202', 'GO:2000112', 'GO:0060255', 'GO:0031326', 'GO:0051246', 'GO:0044249', 'GO:0010608', 'GO:0010556', 'GO:0050789', 'GO:0006448', 'GO:1901564'}"
GO:0030336,"{'GO:0040012', 'GO:0065007', 'GO:0051270', 'GO:0050794', 'GO:2000146', 'GO:0008150', 'GO:0051271', 'GO:0032879', 'GO:0040013', 'GO:0048519', 'GO:0048523', 'GO:0050789', 'GO:2000145', 'GO:0030334'}"
GO:0001954,"{'GO:0010811', 'GO:0065007', 'GO:0010810', 'GO:0030155', 'GO:0050794', 'GO:0008150', 'GO:0045785', 'GO:0048522', 'GO:0048518', 'GO:0050789', 'GO:0001952'}"
GO:0051496,"{'GO:0044089', 'GO:0065007', 'GO:0032231', 'GO:0110020', 'GO:0008150', 'GO:1902903', 'GO:0048522', 'GO:0010638', 'GO:0044087', 'GO:0033043', 'GO:0050789', 'GO:1902905', 'GO:0051493', 'GO:0032956', 'GO:0051130', 'GO:0110053', 'GO:0032970', 'GO:0050794', 'GO:0051492', 'GO:0032233', 'GO:0051495', 'GO:0048518', 'GO:0051128'}"
GO:0043087,"{'GO:0051336', 'GO:0065009', 'GO:0065007', 'GO:0008150', 'GO:0050790'}"
GO:0034446,"{'GO:0031589', 'GO:0022610', 'GO:0032502', 'GO:0007155', 'GO:0009987', 'GO:0000902', 'GO:0009653', 'GO:0008150', 'GO:0000904'}"
GO:0007608,"{'GO:0007606', 'GO:0003008', 'GO:0007600', 'GO:0008150', 'GO:0050877', 'GO:0032501'}"
GO:0050908,"{'GO:0009581', 'GO:0050906', 'GO:0050962', 'GO:0050896', 'GO:0009583', 'GO:0009628', 'GO:0008150', 'GO:0009605', 'GO:0009584', 'GO:0009314', 'GO:0051606', 'GO:0009582', 'GO:0009416'}"
GO:0000278,"{'GO:0009987', 'GO:0008150', 'GO:0007049'}"
GO:1905515,"{'GO:0030031', 'GO:0060271', 'GO:0022607', 'GO:0006996', 'GO:0070925', 'GO:0120036', 'GO:0009987', 'GO:0044782', 'GO:0016043', 'GO:0030030', 'GO:0071840', 'GO:0120031', 'GO:0008150'}"
GO:1904781,"{'GO:0048522', 'GO:1903829', 'GO:0032880', 'GO:0065007', 'GO:0060341', 'GO:0048518', 'GO:0032879', 'GO:0050789', 'GO:1904779', 'GO:1903827', 'GO:0050794', 'GO:0008150'}"
GO:0008104,"{'GO:0033036', 'GO:0008150', 'GO:0051179'}"
GO:0030997,"{'GO:0051726', 'GO:0050789', 'GO:0050794', 'GO:0065007', 'GO:0008150', 'GO:0010564'}"
GO:0071346,"{'GO:0071310', 'GO:0071345', 'GO:0034341', 'GO:0050896', 'GO:0010033', 'GO:0009987', 'GO:0051716', 'GO:0008150', 'GO:0042221', 'GO:0070887', 'GO:0034097'}"
GO:0071353,"{'GO:0071310', 'GO:0071345', 'GO:0050896', 'GO:0010033', 'GO:0009987', 'GO:0051716', 'GO:0008150', 'GO:0042221', 'GO:0070887', 'GO:0070670', 'GO:0034097'}"
GO:0071222,"{'GO:0071310', 'GO:0071216', 'GO:0032496', 'GO:0050896', 'GO:0010033', 'GO:1901700', 'GO:0009987', 'GO:0071219', 'GO:0033993', 'GO:0051716', 'GO:0008150', 'GO:0071396', 'GO:0009607', 'GO:0042221', 'GO:0009605', 'GO:0043207', 'GO:0070887', 'GO:1901701', 'GO:0002237'}"
GO:0006898,"{'GO:0051234', 'GO:0009987', 'GO:0006897', 'GO:0051179', 'GO:0016192', 'GO:0006810', 'GO:0008150'}"
GO:0007338,"{'GO:0022414', 'GO:0008150', 'GO:0009566'}"
GO:0061104,"{'GO:0061101', 'GO:0002067', 'GO:0032502', 'GO:0002065', 'GO:0030855', 'GO:0009987', 'GO:0048869', 'GO:0008150', 'GO:0030154', 'GO:0060563'}"
GO:0031018,"{'GO:0048856', 'GO:0008150', 'GO:0032502'}"
GO:0035270,"{'GO:0048856', 'GO:0008150', 'GO:0048731', 'GO:0032502'}"
GO:0003358,"{'GO:0009987', 'GO:0032502', 'GO:0048869', 'GO:0048666', 'GO:0048856', 'GO:0008150', 'GO:0048468'}"
GO:0042421,"{'GO:1901360', 'GO:0019438', 'GO:0009058', 'GO:0009987', 'GO:0006807', 'GO:0046189', 'GO:0006725', 'GO:0071704', 'GO:0008150', 'GO:0006584', 'GO:1901362', 'GO:0034641', 'GO:1901615', 'GO:0042401', 'GO:1901576', 'GO:0009309', 'GO:0009713', 'GO:0009712', 'GO:1901564', 'GO:0018958', 'GO:0042415', 'GO:0044271', 'GO:0044237', 'GO:1901617', 'GO:1901566', 'GO:0008152', 'GO:0044106', 'GO:0042423', 'GO:0006576', 'GO:0009308', 'GO:0044249'}"
GO:0003310,"{'GO:0035883', 'GO:0002067', 'GO:0032502', 'GO:0002065', 'GO:0030855', 'GO:0009987', 'GO:0048869', 'GO:0008150', 'GO:0030154'}"
GO:0071158,"{'GO:0051726', 'GO:0090068', 'GO:0065007', 'GO:0050794', 'GO:0008150', 'GO:0048522', 'GO:0045787', 'GO:0048518', 'GO:0010564', 'GO:0071156', 'GO:0050789'}"
GO:0045597,"{'GO:0048522', 'GO:0045595', 'GO:0065007', 'GO:0050794', 'GO:0051094', 'GO:0048518', 'GO:0050793', 'GO:0050789', 'GO:0008150'}"
GO:2000179,"{'GO:0042127', 'GO:0048522', 'GO:0065007', 'GO:2000177', 'GO:0048518', 'GO:0050789', 'GO:0050794', 'GO:0008284', 'GO:0008150'}"
GO:0010564,"{'GO:0051726', 'GO:0050794', 'GO:0065007', 'GO:0008150', 'GO:0050789'}"
GO:0010468,"{'GO:0019222', 'GO:0050789', 'GO:0065007', 'GO:0008150', 'GO:0060255'}"
GO:0043254,"{'GO:0065007', 'GO:0044087', 'GO:0050789', 'GO:0051128', 'GO:0050794', 'GO:0008150'}"
GO:0061549,"{'GO:0032502', 'GO:0048856', 'GO:0048513', 'GO:0061548', 'GO:0008150', 'GO:0009888'}"
GO:0060290,"{'GO:0009987', 'GO:0048869', 'GO:0032502', 'GO:0008150', 'GO:0030154'}"
GO:0003323,"{'GO:0002068', 'GO:0032502', 'GO:0002066', 'GO:0009987', 'GO:0048869', 'GO:0048468', 'GO:0048856', 'GO:0008150', 'GO:0002064'}"
GO:0003309,"{'GO:0035883', 'GO:0002067', 'GO:0032502', 'GO:0002065', 'GO:0030855', 'GO:0009987', 'GO:0048869', 'GO:0008150', 'GO:0030154'}"
GO:0086073,"{'GO:0034109', 'GO:0098609', 'GO:0022610', 'GO:0007155', 'GO:0034113', 'GO:0009987', 'GO:0086042', 'GO:0008150'}"
GO:0086091,"{'GO:0023052', 'GO:0051239', 'GO:0065007', 'GO:0065008', 'GO:0032501', 'GO:0008016', 'GO:1903522', 'GO:0061337', 'GO:0002027', 'GO:0044057', 'GO:0035637', 'GO:0050789', 'GO:0008150'}"
GO:0098911,"{'GO:0055117', 'GO:0065007', 'GO:0051270', 'GO:0065008', 'GO:0098901', 'GO:0008016', 'GO:1903522', 'GO:0086004', 'GO:0006937', 'GO:0032970', 'GO:0098900', 'GO:0050794', 'GO:0008150', 'GO:0042391', 'GO:1903115', 'GO:0090257', 'GO:0051239', 'GO:0032879', 'GO:0044057', 'GO:0050789', 'GO:0006942'}"
GO:0048663,"{'GO:0009987', 'GO:0045165', 'GO:0048869', 'GO:0032502', 'GO:0008150'}"
GO:0048066,"{'GO:0043473', 'GO:0008150'}"
GO:0030318,"{'GO:0009987', 'GO:0048869', 'GO:0032502', 'GO:0050931', 'GO:0008150', 'GO:0030154'}"
GO:0032400,"{'GO:0051875', 'GO:0051641', 'GO:0009987', 'GO:0051648', 'GO:0051179', 'GO:0008150', 'GO:0051640'}"
GO:0032402,"{'GO:0051650', 'GO:0051875', 'GO:0051656', 'GO:0051649', 'GO:0051640', 'GO:0051641', 'GO:0009987', 'GO:0051234', 'GO:0051648', 'GO:0032401', 'GO:0008150', 'GO:0051905', 'GO:0051179', 'GO:0006810', 'GO:0032400', 'GO:0051904'}"
GO:0072385,"{'GO:0051656', 'GO:0051649', 'GO:0030705', 'GO:0072384', 'GO:0051640', 'GO:0051234', 'GO:0051641', 'GO:0009987', 'GO:0099111', 'GO:0010970', 'GO:0008150', 'GO:0006928', 'GO:0051179', 'GO:0006810', 'GO:0046907', 'GO:0007017', 'GO:0007018'}"
GO:0090382,"{'GO:0009987', 'GO:0016043', 'GO:0071840', 'GO:0008150', 'GO:0006996'}"
GO:0043473,{'GO:0008150'}
GO:0051091,"{'GO:0051171', 'GO:0006355', 'GO:0065009', 'GO:0031323', 'GO:0009889', 'GO:2001141', 'GO:0065007', 'GO:1903506', 'GO:0019219', 'GO:0050794', 'GO:0008150', 'GO:0051252', 'GO:0051090', 'GO:0019222', 'GO:0010468', 'GO:0080090', 'GO:2000112', 'GO:0060255', 'GO:0031326', 'GO:0044093', 'GO:0010556', 'GO:0050789'}"
GO:0002062,"{'GO:0009987', 'GO:0048869', 'GO:0032502', 'GO:0008150', 'GO:0030154'}"
GO:1990502,"{'GO:0061792', 'GO:0032502', 'GO:0006996', 'GO:0021700', 'GO:0033363', 'GO:0009987', 'GO:0016050', 'GO:0016043', 'GO:0071840', 'GO:0008150'}"
GO:0006887,"{'GO:0051179', 'GO:0016192', 'GO:0046903', 'GO:0006810', 'GO:0140352', 'GO:0051234', 'GO:0009987', 'GO:0032940', 'GO:0008150'}"
GO:0030073,"{'GO:0009914', 'GO:0030072', 'GO:0065007', 'GO:0046879', 'GO:0009987', 'GO:0015031', 'GO:0032940', 'GO:0008150', 'GO:0071705', 'GO:0006811', 'GO:0006810', 'GO:0023061', 'GO:0140352', 'GO:0071702', 'GO:0010817', 'GO:0009306', 'GO:0006820', 'GO:0071692', 'GO:0065008', 'GO:0051234', 'GO:0002790', 'GO:0051179', 'GO:0042886', 'GO:0046903', 'GO:0015833', 'GO:0045184', 'GO:0008104', 'GO:0033036', 'GO:0035592'}"
GO:0035063,"{'GO:0009987', 'GO:0030575', 'GO:0016043', 'GO:0071840', 'GO:0006997', 'GO:0008150', 'GO:0006996'}"
GO:2001056,"{'GO:0031323', 'GO:0065007', 'GO:0050790', 'GO:0010952', 'GO:0010950', 'GO:0051247', 'GO:0008150', 'GO:0045862', 'GO:0048522', 'GO:0051345', 'GO:0031325', 'GO:0050789', 'GO:0009893', 'GO:0032270', 'GO:0051171', 'GO:0051336', 'GO:0065009', 'GO:0043085', 'GO:0052548', 'GO:0032268', 'GO:2000116', 'GO:0050794', 'GO:0052547', 'GO:0051173', 'GO:0019222', 'GO:0030162', 'GO:0010604', 'GO:0080090', 'GO:0060255', 'GO:0048518', 'GO:0051246', 'GO:0044093'}"
GO:0032731,"{'GO:0032652', 'GO:0051240', 'GO:0001817', 'GO:0065007', 'GO:0010628', 'GO:0001819', 'GO:0008150', 'GO:0032732', 'GO:0019222', 'GO:0010468', 'GO:0051239', 'GO:0010604', 'GO:0060255', 'GO:0048518', 'GO:0050789', 'GO:0009893', 'GO:0032651'}"
GO:0032741,"{'GO:0051240', 'GO:0001817', 'GO:0065007', 'GO:0010628', 'GO:0001819', 'GO:0032661', 'GO:0008150', 'GO:0009893', 'GO:0019222', 'GO:0010468', 'GO:0051239', 'GO:0010604', 'GO:0060255', 'GO:0048518', 'GO:0050789'}"
GO:1900227,"{'GO:0048522', 'GO:0044089', 'GO:0065007', 'GO:0044087', 'GO:0048518', 'GO:0050789', 'GO:0051130', 'GO:0043254', 'GO:0051128', 'GO:1900225', 'GO:0050794', 'GO:0008150', 'GO:0031334'}"
GO:0070536,"{'GO:0043412', 'GO:0019538', 'GO:0070646', 'GO:0070647', 'GO:0006464', 'GO:0036211', 'GO:0006807', 'GO:0009987', 'GO:0044237', 'GO:0071704', 'GO:0044267', 'GO:0043170', 'GO:0008150', 'GO:0008152', 'GO:0044238', 'GO:0044260', 'GO:0016579', 'GO:0006508', 'GO:1901564'}"
GO:0007265,"{'GO:0065007', 'GO:0035556', 'GO:0050789', 'GO:0007264', 'GO:0009987', 'GO:0050794', 'GO:0007165', 'GO:0008150'}"
GO:0006511,"{'GO:0019538', 'GO:0009056', 'GO:0006807', 'GO:0009987', 'GO:0044237', 'GO:0071704', 'GO:0043170', 'GO:0019941', 'GO:0051603', 'GO:0008150', 'GO:0008152', 'GO:0009057', 'GO:0043632', 'GO:0044248', 'GO:0044238', 'GO:1901575', 'GO:0044260', 'GO:0006508', 'GO:0044265', 'GO:1901564'}"
GO:0002091,"{'GO:0048261', 'GO:0051049', 'GO:0031323', 'GO:0065007', 'GO:0051129', 'GO:0050794', 'GO:0045806', 'GO:0008150', 'GO:0048259', 'GO:0019222', 'GO:0060627', 'GO:0030100', 'GO:0031324', 'GO:0060255', 'GO:0032879', 'GO:0048519', 'GO:0002090', 'GO:0010605', 'GO:0051128', 'GO:0048523', 'GO:0050789', 'GO:0009892', 'GO:0051051'}"
GO:0060414,"{'GO:0032502', 'GO:0009653', 'GO:0008150', 'GO:0060415', 'GO:0048729'}"
GO:0032060,"{'GO:0030031', 'GO:0022607', 'GO:0009987', 'GO:0120036', 'GO:0016043', 'GO:0071840', 'GO:0120031', 'GO:0030030', 'GO:0008150'}"
GO:0071476,"{'GO:0042221', 'GO:0062197', 'GO:0071214', 'GO:0104004', 'GO:0006970', 'GO:0050896', 'GO:0070887', 'GO:0009987', 'GO:0006971', 'GO:0009628', 'GO:0008150', 'GO:0051716', 'GO:0071470', 'GO:0006950', 'GO:0033554'}"
GO:0071277,"{'GO:0071241', 'GO:0010038', 'GO:0042221', 'GO:0050896', 'GO:0010035', 'GO:0070887', 'GO:0009987', 'GO:0051716', 'GO:0071248', 'GO:0008150', 'GO:0051592'}"
GO:0035690,"{'GO:0042221', 'GO:0050896', 'GO:0070887', 'GO:0009987', 'GO:0042493', 'GO:0051716', 'GO:0008150'}"
GO:0035865,"{'GO:0071241', 'GO:0010038', 'GO:0042221', 'GO:0050896', 'GO:0010035', 'GO:0070887', 'GO:0035864', 'GO:0009987', 'GO:0051716', 'GO:0071248', 'GO:0008150'}"
GO:0051928,"{'GO:0051049', 'GO:0043269', 'GO:0010959', 'GO:0043270', 'GO:0051924', 'GO:0065007', 'GO:0051050', 'GO:0032879', 'GO:0048518', 'GO:0050789', 'GO:0008150'}"
GO:0090303,"{'GO:0065007', 'GO:0048583', 'GO:0080134', 'GO:0008150', 'GO:0061041', 'GO:1903034', 'GO:0048584', 'GO:1903036', 'GO:0048518', 'GO:0050789'}"
GO:0006939,"{'GO:0003012', 'GO:0003008', 'GO:0006936', 'GO:0008150', 'GO:0032501'}"
GO:0014820,"{'GO:0006939', 'GO:0003012', 'GO:0003008', 'GO:0006936', 'GO:0008150', 'GO:0032501'}"
GO:0007019,"{'GO:0097435', 'GO:0043624', 'GO:0000226', 'GO:0031109', 'GO:0006996', 'GO:0022411', 'GO:0009987', 'GO:0007010', 'GO:0016043', 'GO:0071840', 'GO:0007017', 'GO:0043933', 'GO:0008150', 'GO:0051261', 'GO:0032984'}"
GO:0007018,"{'GO:0006928', 'GO:0009987', 'GO:0007017', 'GO:0008150'}"
GO:0000070,"{'GO:0007059', 'GO:0000819', 'GO:1903047', 'GO:0051276', 'GO:0006996', 'GO:0022402', 'GO:0009987', 'GO:0016043', 'GO:0071840', 'GO:0098813', 'GO:0008150'}"
GO:0051302,"{'GO:0050794', 'GO:0065007', 'GO:0008150', 'GO:0050789'}"
GO:0051028,"{'GO:0006811', 'GO:0006820', 'GO:0051179', 'GO:0050657', 'GO:0006810', 'GO:0051234', 'GO:0071702', 'GO:0015931', 'GO:0051236', 'GO:0008150', 'GO:0050658', 'GO:0071705'}"
GO:0051292,"{'GO:0006999', 'GO:0022607', 'GO:0006996', 'GO:0006997', 'GO:0009987', 'GO:0034622', 'GO:0016043', 'GO:0071840', 'GO:0046931', 'GO:0043933', 'GO:0065003', 'GO:0008150'}"
GO:0048026,"{'GO:0031323', 'GO:0065007', 'GO:0010628', 'GO:0008150', 'GO:1903313', 'GO:0048522', 'GO:0010468', 'GO:0048024', 'GO:0050684', 'GO:0051254', 'GO:0031325', 'GO:0045935', 'GO:0050789', 'GO:0009893', 'GO:1903311', 'GO:0051171', 'GO:0043484', 'GO:0050685', 'GO:0019219', 'GO:0050794', 'GO:0051252', 'GO:0051173', 'GO:0019222', 'GO:0010604', 'GO:0080090', 'GO:0033120', 'GO:0060255', 'GO:0048518'}"
GO:0006606,"{'GO:0006820', 'GO:0051649', 'GO:0033365', 'GO:0017038', 'GO:0034613', 'GO:0006886', 'GO:0051234', 'GO:0051641', 'GO:0009987', 'GO:0070727', 'GO:0006913', 'GO:0015031', 'GO:0008150', 'GO:0071705', 'GO:0006811', 'GO:0051169', 'GO:0051179', 'GO:0042886', 'GO:0051170', 'GO:0006810', 'GO:0015833', 'GO:0045184', 'GO:0072594', 'GO:0008104', 'GO:0046907', 'GO:0071702', 'GO:0033036', 'GO:0034504'}"
GO:0006954,"{'GO:0008150', 'GO:0006950', 'GO:0050896', 'GO:0006952'}"
GO:0045087,"{'GO:0009607', 'GO:0006955', 'GO:0051707', 'GO:0009605', 'GO:0043207', 'GO:0050896', 'GO:0098542', 'GO:0044419', 'GO:0002376', 'GO:0008150', 'GO:0006950', 'GO:0006952'}"
GO:0002755,"{'GO:0065007', 'GO:0050794', 'GO:0050789', 'GO:0009987', 'GO:0002221', 'GO:0007165', 'GO:0008150', 'GO:0002224'}"
GO:0043408,"{'GO:0065007', 'GO:0009966', 'GO:0050794', 'GO:0048583', 'GO:1902531', 'GO:0050789', 'GO:0008150', 'GO:0010646', 'GO:0023051'}"
GO:0009615,"{'GO:0009607', 'GO:0050896', 'GO:0051707', 'GO:0008150', 'GO:0043207', 'GO:0009605', 'GO:0044419'}"
GO:0034178,"{'GO:0065007', 'GO:0050794', 'GO:0050789', 'GO:0009987', 'GO:0002221', 'GO:0007165', 'GO:0008150', 'GO:0002224'}"
GO:0002224,"{'GO:0009987', 'GO:0008150', 'GO:0002221', 'GO:0065007', 'GO:0050794', 'GO:0007165', 'GO:0050789'}"
GO:0015871,"{'GO:0006811', 'GO:0006820', 'GO:0051179', 'GO:0006810', 'GO:0051234', 'GO:0071702', 'GO:0015695', 'GO:0008150', 'GO:0071705', 'GO:0006812'}"
GO:0000463,"{'GO:0016070', 'GO:1901360', 'GO:0034470', 'GO:0009987', 'GO:0044237', 'GO:0006807', 'GO:0006725', 'GO:0071704', 'GO:0090304', 'GO:0043170', 'GO:0008150', 'GO:0008152', 'GO:0006364', 'GO:0000470', 'GO:0044238', 'GO:0034641', 'GO:0006396', 'GO:0034660', 'GO:0016072', 'GO:0046483', 'GO:0006139'}"
GO:0006412,"{'GO:0034645', 'GO:0019538', 'GO:0043043', 'GO:0009058', 'GO:0006807', 'GO:0044271', 'GO:0009987', 'GO:0044237', 'GO:0071704', 'GO:0044267', 'GO:1901566', 'GO:0008150', 'GO:0043604', 'GO:0008152', 'GO:0043170', 'GO:0009059', 'GO:0044238', 'GO:0043603', 'GO:0034641', 'GO:0044260', 'GO:1901576', 'GO:0044249', 'GO:0006518', 'GO:1901564'}"
GO:1903804,"{'GO:1903825', 'GO:0009987', 'GO:0098657', 'GO:0008150', 'GO:0071705', 'GO:0006811', 'GO:0098739', 'GO:0006810', 'GO:0043090', 'GO:0071702', 'GO:0003333', 'GO:0089718', 'GO:0006820', 'GO:0006865', 'GO:0055085', 'GO:0051234', 'GO:0015711', 'GO:0034220', 'GO:0098656', 'GO:1902475', 'GO:0046942', 'GO:0051179', 'GO:0015816', 'GO:1905039', 'GO:0015804', 'GO:0015849', 'GO:0006812', 'GO:0098655'}"
GO:0015816,"{'GO:0006820', 'GO:0006865', 'GO:0051234', 'GO:0015711', 'GO:0008150', 'GO:0071705', 'GO:0046942', 'GO:0006811', 'GO:0051179', 'GO:0006810', 'GO:0015804', 'GO:0071702', 'GO:0015849', 'GO:0006812'}"
GO:0098810,"{'GO:0006836', 'GO:0051179', 'GO:0051649', 'GO:0006810', 'GO:0065007', 'GO:0065008', 'GO:0098657', 'GO:0051234', 'GO:0001505', 'GO:0001504', 'GO:0008150'}"
GO:0001504,"{'GO:0006836', 'GO:0051179', 'GO:0006810', 'GO:0065007', 'GO:0065008', 'GO:0098657', 'GO:0051234', 'GO:0001505', 'GO:0008150'}"
GO:0035725,"{'GO:0098660', 'GO:0055085', 'GO:0006814', 'GO:0051234', 'GO:0009987', 'GO:0034220', 'GO:0008150', 'GO:0006811', 'GO:0051179', 'GO:0006810', 'GO:0098662', 'GO:0006812', 'GO:0098655'}"
GO:0060012,"{'GO:0099537', 'GO:0007268', 'GO:0023052', 'GO:0007267', 'GO:0009987', 'GO:0098916', 'GO:0099536', 'GO:0008150', 'GO:0007154'}"
GO:0034224,"{'GO:0009991', 'GO:0031668', 'GO:0042594', 'GO:0050896', 'GO:0009987', 'GO:0120127', 'GO:0051716', 'GO:0071496', 'GO:0008150', 'GO:0009605', 'GO:0009267', 'GO:0031669', 'GO:0031667', 'GO:0006950', 'GO:0033554', 'GO:0007154'}"
GO:0006882,"{'GO:0065007', 'GO:0019725', 'GO:0065008', 'GO:0055080', 'GO:0009987', 'GO:0072503', 'GO:0006873', 'GO:0008150', 'GO:0055076', 'GO:0030003', 'GO:0006875', 'GO:0042592', 'GO:0046916', 'GO:0055065', 'GO:0048878', 'GO:0050801', 'GO:0055082', 'GO:0072507', 'GO:0098771', 'GO:0055069'}"
GO:0071578,"{'GO:0030001', 'GO:0098659', 'GO:0098660', 'GO:0055085', 'GO:0006829', 'GO:0051234', 'GO:0009987', 'GO:0098657', 'GO:0034220', 'GO:0000041', 'GO:0008150', 'GO:0006811', 'GO:0051179', 'GO:0098739', 'GO:0006810', 'GO:0099587', 'GO:0071577', 'GO:0098662', 'GO:0006812', 'GO:0098655'}"
GO:0006829,"{'GO:0030001', 'GO:0006811', 'GO:0051179', 'GO:0006810', 'GO:0051234', 'GO:0000041', 'GO:0008150', 'GO:0006812'}"
GO:0043553,"{'GO:0090219', 'GO:0031323', 'GO:0042326', 'GO:0065007', 'GO:0050790', 'GO:0019220', 'GO:0042325', 'GO:0008150', 'GO:0043550', 'GO:0045936', 'GO:0051348', 'GO:0044092', 'GO:0048523', 'GO:0045833', 'GO:0031324', 'GO:0050789', 'GO:0051338', 'GO:0019216', 'GO:0043086', 'GO:0065009', 'GO:0050794', 'GO:0033673', 'GO:0043549', 'GO:0010563', 'GO:0019222', 'GO:0080090', 'GO:0048519', 'GO:0043551', 'GO:0051174', 'GO:0009892'}"
GO:0014067,"{'GO:0065007', 'GO:0023057', 'GO:0048583', 'GO:0048585', 'GO:0014066', 'GO:0050794', 'GO:0008150', 'GO:0009966', 'GO:0009968', 'GO:1902532', 'GO:0048519', 'GO:1902531', 'GO:0048523', 'GO:0010648', 'GO:0050789', 'GO:0010646', 'GO:0023051'}"
GO:0007093,"{'GO:0007346', 'GO:0051726', 'GO:0065007', 'GO:0022402', 'GO:0009987', 'GO:0045786', 'GO:0050794', 'GO:0008150', 'GO:0000075', 'GO:1903047', 'GO:0045930', 'GO:0048519', 'GO:0048523', 'GO:0050789'}"
GO:0010212,"{'GO:0009628', 'GO:0009314', 'GO:0050896', 'GO:0008150'}"
GO:0016180,"{'GO:0016073', 'GO:0016070', 'GO:1901360', 'GO:0034470', 'GO:0009987', 'GO:0044237', 'GO:0006807', 'GO:0006725', 'GO:0071704', 'GO:0090304', 'GO:0043170', 'GO:0008150', 'GO:0008152', 'GO:0044238', 'GO:0034641', 'GO:0006396', 'GO:0034660', 'GO:0046483', 'GO:0006139'}"
GO:0006464,"{'GO:0043412', 'GO:0019538', 'GO:0036211', 'GO:0006807', 'GO:0009987', 'GO:0044237', 'GO:0071704', 'GO:0044267', 'GO:0043170', 'GO:0008150', 'GO:0008152', 'GO:0044238', 'GO:0044260', 'GO:1901564'}"
GO:0042981,"{'GO:0043067', 'GO:0050794', 'GO:0065007', 'GO:0008150', 'GO:0010941', 'GO:0050789'}"
GO:0022011,"{'GO:0009987', 'GO:0008366', 'GO:0042552', 'GO:0007272', 'GO:0032292', 'GO:0008150'}"
GO:0032287,"{'GO:0043217', 'GO:0009987', 'GO:0061024', 'GO:0016043', 'GO:0071840', 'GO:0007009', 'GO:0008150'}"
GO:1901184,"{'GO:0065007', 'GO:0048583', 'GO:0050789', 'GO:0023051', 'GO:0050794', 'GO:0008150', 'GO:0010646', 'GO:0009966'}"
GO:0033157,"{'GO:0051049', 'GO:0043269', 'GO:0065007', 'GO:0051223', 'GO:0032386', 'GO:0050794', 'GO:0008150', 'GO:0070201', 'GO:0032880', 'GO:0044070', 'GO:0060341', 'GO:0032879', 'GO:0090087', 'GO:1903827', 'GO:0050789'}"
GO:0051092,"{'GO:0051171', 'GO:0006355', 'GO:0065009', 'GO:0031323', 'GO:0009889', 'GO:2001141', 'GO:0051091', 'GO:0065007', 'GO:1903506', 'GO:0019219', 'GO:0050794', 'GO:0008150', 'GO:0051252', 'GO:0051090', 'GO:0019222', 'GO:0010468', 'GO:0080090', 'GO:2000112', 'GO:0060255', 'GO:0031326', 'GO:0044093', 'GO:0010556', 'GO:0050789'}"
GO:0006413,"{'GO:0009987', 'GO:0044237', 'GO:0008150', 'GO:0008152'}"
GO:0051216,"{'GO:0048513', 'GO:0048856', 'GO:0008150', 'GO:0032502'}"
GO:1903895,"{'GO:0065007', 'GO:0023057', 'GO:1900102', 'GO:0048583', 'GO:0048585', 'GO:1900101', 'GO:0023051', 'GO:0080135', 'GO:0080134', 'GO:0050794', 'GO:0008150', 'GO:0009966', 'GO:0009968', 'GO:0048519', 'GO:1905897', 'GO:1903894', 'GO:0048523', 'GO:0050789', 'GO:0010646', 'GO:0010648', 'GO:1903573'}"
GO:0032435,"{'GO:0031323', 'GO:0065007', 'GO:0009894', 'GO:0031329', 'GO:0061136', 'GO:2000058', 'GO:0008150', 'GO:0051172', 'GO:2000059', 'GO:0031330', 'GO:0048523', 'GO:0045861', 'GO:1901799', 'GO:0050789', 'GO:1903362', 'GO:0031324', 'GO:0051171', 'GO:0042176', 'GO:0032269', 'GO:1903051', 'GO:0032268', 'GO:0050794', 'GO:0032434', 'GO:0042177', 'GO:1903363', 'GO:0009895', 'GO:0019222', 'GO:0030162', 'GO:0080090', 'GO:0060255', 'GO:1903050', 'GO:0048519', 'GO:0051246', 'GO:0051248', 'GO:0010605', 'GO:0009892'}"
GO:1903721,"{'GO:0010562', 'GO:0031323', 'GO:0065007', 'GO:0019220', 'GO:0042325', 'GO:0051247', 'GO:0008150', 'GO:0048522', 'GO:0031325', 'GO:0050789', 'GO:0032270', 'GO:0009893', 'GO:0042327', 'GO:0051171', 'GO:0031401', 'GO:1903719', 'GO:0001934', 'GO:0032268', 'GO:0050794', 'GO:0051173', 'GO:0019222', 'GO:0001932', 'GO:0010604', 'GO:0080090', 'GO:0031399', 'GO:0060255', 'GO:0048518', 'GO:0045937', 'GO:0051246', 'GO:0051174'}"
GO:1905050,"{'GO:0031323', 'GO:0065007', 'GO:0050790', 'GO:0010952', 'GO:0051247', 'GO:0008150', 'GO:0045862', 'GO:0048522', 'GO:0051345', 'GO:0031325', 'GO:0032270', 'GO:0050789', 'GO:0009893', 'GO:0051336', 'GO:0043085', 'GO:0065009', 'GO:0051171', 'GO:0032268', 'GO:0050794', 'GO:0052547', 'GO:0051173', 'GO:0019222', 'GO:0030162', 'GO:0010604', 'GO:0080090', 'GO:0060255', 'GO:0048518', 'GO:1905048', 'GO:0051246', 'GO:0044093'}"
GO:1901800,"{'GO:0031323', 'GO:0065007', 'GO:0009894', 'GO:0031331', 'GO:0051247', 'GO:0031329', 'GO:0061136', 'GO:0008150', 'GO:0045862', 'GO:0048522', 'GO:0031325', 'GO:0032270', 'GO:0050789', 'GO:0009893', 'GO:1903362', 'GO:0051171', 'GO:0042176', 'GO:0032268', 'GO:0050794', 'GO:0009896', 'GO:1903364', 'GO:1903052', 'GO:0051173', 'GO:0019222', 'GO:0030162', 'GO:0010604', 'GO:0080090', 'GO:0045732', 'GO:0060255', 'GO:0048518', 'GO:1903050', 'GO:0051246'}"
GO:1905552,"{'GO:0032880', 'GO:1903829', 'GO:0048522', 'GO:1905550', 'GO:0065007', 'GO:0050794', 'GO:0060341', 'GO:0032879', 'GO:0048518', 'GO:1903827', 'GO:0050789', 'GO:0008150'}"
GO:1905636,"{'GO:0065009', 'GO:0065007', 'GO:2000679', 'GO:0051098', 'GO:0043388', 'GO:0008150', 'GO:1903025', 'GO:0051099', 'GO:0044093', 'GO:0051101', 'GO:2000677'}"
GO:1990592,"{'GO:0043412', 'GO:0071569', 'GO:0019538', 'GO:0070647', 'GO:0006464', 'GO:0036211', 'GO:0006807', 'GO:0009987', 'GO:0044237', 'GO:0071704', 'GO:0044267', 'GO:0043170', 'GO:0008150', 'GO:0008152', 'GO:0044238', 'GO:0044260', 'GO:1990564', 'GO:0032446', 'GO:1901564'}"
GO:0070972,"{'GO:0051179', 'GO:0033365', 'GO:0034613', 'GO:0051641', 'GO:0008104', 'GO:0009987', 'GO:0070727', 'GO:0033036', 'GO:0008150'}"
GO:0071569,"{'GO:0043412', 'GO:0019538', 'GO:0070647', 'GO:0006464', 'GO:0036211', 'GO:0006807', 'GO:0009987', 'GO:0044237', 'GO:0071704', 'GO:0044267', 'GO:0043170', 'GO:0008150', 'GO:0008152', 'GO:0044238', 'GO:0044260', 'GO:0032446', 'GO:1901564'}"
GO:0033146,"{'GO:0033143', 'GO:0065007', 'GO:0009966', 'GO:0050794', 'GO:0048583', 'GO:0050789', 'GO:0008150', 'GO:0010646', 'GO:0023051'}"
GO:0061709,"{'GO:1903008', 'GO:0016236', 'GO:0009056', 'GO:0006996', 'GO:0009987', 'GO:0044237', 'GO:0071840', 'GO:0006914', 'GO:0008150', 'GO:0008152', 'GO:0044248', 'GO:0061912', 'GO:0022411', 'GO:0016043', 'GO:0061919'}"
GO:2000409,"{'GO:0040012', 'GO:0065007', 'GO:0051270', 'GO:0002691', 'GO:0002693', 'GO:0008150', 'GO:0048522', 'GO:0002684', 'GO:0030335', 'GO:0071675', 'GO:2000403', 'GO:2000401', 'GO:0050789', 'GO:0071677', 'GO:2000407', 'GO:0002685', 'GO:0002682', 'GO:0051272', 'GO:0050794', 'GO:2000147', 'GO:0002687', 'GO:2000404', 'GO:0030334', 'GO:0040017', 'GO:0032879', 'GO:0048518', 'GO:2000145', 'GO:2000406'}"
GO:0030953,"{'GO:0097435', 'GO:0000226', 'GO:0031122', 'GO:0006996', 'GO:0022402', 'GO:0007010', 'GO:0009987', 'GO:0016043', 'GO:0071840', 'GO:0007017', 'GO:0007051', 'GO:0008150'}"
GO:0034622,"{'GO:0043933', 'GO:0009987', 'GO:0016043', 'GO:0071840', 'GO:0022607', 'GO:0065003', 'GO:0008150'}"
GO:0090063,"{'GO:0044089', 'GO:0031116', 'GO:0065007', 'GO:0008150', 'GO:1902903', 'GO:0048522', 'GO:0010638', 'GO:0070507', 'GO:0044087', 'GO:0032273', 'GO:0033043', 'GO:0010968', 'GO:0050789', 'GO:1902905', 'GO:0031113', 'GO:0032886', 'GO:0051493', 'GO:0031112', 'GO:0051130', 'GO:0043254', 'GO:0050794', 'GO:0031110', 'GO:0051495', 'GO:0048518', 'GO:0032271', 'GO:0051128', 'GO:0031334'}"
GO:1903358,"{'GO:0033043', 'GO:0051128', 'GO:0050794', 'GO:0065007', 'GO:0008150', 'GO:0050789'}"
GO:1990822,"{'GO:0006820', 'GO:0006865', 'GO:1903825', 'GO:0055085', 'GO:0051234', 'GO:0009987', 'GO:0034220', 'GO:0098656', 'GO:0008150', 'GO:0071705', 'GO:0006811', 'GO:0051179', 'GO:0006810', 'GO:1905039', 'GO:0071702', 'GO:0015849', 'GO:0003333', 'GO:0015802'}"
GO:0048874,"{'GO:0051851', 'GO:0051702', 'GO:0044403', 'GO:0042592', 'GO:0051817', 'GO:0065007', 'GO:0065008', 'GO:0035821', 'GO:0044419', 'GO:0008150', 'GO:0048872'}"
GO:0070291,"{'GO:0006807', 'GO:0009987', 'GO:0044237', 'GO:0071704', 'GO:0008150', 'GO:0008152', 'GO:0044106', 'GO:0006066', 'GO:0044281', 'GO:1901615', 'GO:0034641', 'GO:0042439', 'GO:0006576', 'GO:0009308', 'GO:0034308', 'GO:1901564'}"
GO:0070292,"{'GO:0006629', 'GO:0006650', 'GO:0006807', 'GO:0009987', 'GO:0044237', 'GO:0019637', 'GO:0071704', 'GO:0006796', 'GO:0044255', 'GO:0008150', 'GO:0006644', 'GO:0046337', 'GO:0008152', 'GO:0044238', 'GO:0043603', 'GO:0034641', 'GO:0006793', 'GO:0046486', 'GO:1901564'}"
GO:1903999,"{'GO:1903998', 'GO:0050795', 'GO:0060259', 'GO:0065007', 'GO:0048519', 'GO:0048521', 'GO:0050789', 'GO:2000252', 'GO:0008150'}"
GO:0009395,"{'GO:0006629', 'GO:0009056', 'GO:0046434', 'GO:0009987', 'GO:0044237', 'GO:0019637', 'GO:0071704', 'GO:0006796', 'GO:0044255', 'GO:0044242', 'GO:0008150', 'GO:0006644', 'GO:0008152', 'GO:0016042', 'GO:0044248', 'GO:0044238', 'GO:1901575', 'GO:0006793'}"
GO:0006644,"{'GO:0006629', 'GO:0044238', 'GO:0006793', 'GO:0009987', 'GO:0044237', 'GO:0019637', 'GO:0006796', 'GO:0044255', 'GO:0071704', 'GO:0008150', 'GO:0008152'}"
GO:0090336,"{'GO:0045597', 'GO:0045600', 'GO:0048522', 'GO:0090335', 'GO:0045595', 'GO:0065007', 'GO:0050794', 'GO:0048518', 'GO:0050793', 'GO:0045598', 'GO:0050789', 'GO:0051094', 'GO:0008150'}"
GO:0035900,"{'GO:0008150', 'GO:0006950', 'GO:0050896'}"
GO:0001659,"{'GO:0042592', 'GO:0065008', 'GO:0065007', 'GO:0008150', 'GO:0048871', 'GO:0032501'}"
GO:0106074,"{'GO:0016070', 'GO:1901360', 'GO:0065007', 'GO:0065008', 'GO:0009987', 'GO:0044237', 'GO:0006807', 'GO:0006725', 'GO:0071704', 'GO:0090304', 'GO:0043170', 'GO:0008150', 'GO:0008152', 'GO:0044238', 'GO:0006399', 'GO:0034641', 'GO:0034660', 'GO:0046483', 'GO:0006139', 'GO:0006450'}"
GO:0006399,"{'GO:0016070', 'GO:1901360', 'GO:0009987', 'GO:0044237', 'GO:0006807', 'GO:0006725', 'GO:0071704', 'GO:0090304', 'GO:0043170', 'GO:0008150', 'GO:0008152', 'GO:0044238', 'GO:0034641', 'GO:0034660', 'GO:0046483', 'GO:0006139'}"
GO:0007050,"{'GO:0051726', 'GO:0065007', 'GO:0022402', 'GO:0048519', 'GO:0050789', 'GO:0009987', 'GO:0045786', 'GO:0048523', 'GO:0050794', 'GO:0008150'}"
GO:0045839,"{'GO:0007346', 'GO:0051726', 'GO:0051784', 'GO:0065007', 'GO:0045786', 'GO:0051129', 'GO:0010948', 'GO:0050794', 'GO:0008150', 'GO:0051783', 'GO:0007088', 'GO:0045930', 'GO:0048519', 'GO:0010564', 'GO:0033043', 'GO:0048523', 'GO:0051128', 'GO:0050789', 'GO:0010639'}"
GO:0034501,"{'GO:0051179', 'GO:0033365', 'GO:0034613', 'GO:0071459', 'GO:0051641', 'GO:0008104', 'GO:0034502', 'GO:0009987', 'GO:0070727', 'GO:0033036', 'GO:0008150'}"
GO:0031396,"{'GO:0051171', 'GO:0019222', 'GO:0031323', 'GO:0080090', 'GO:0065007', 'GO:0031399', 'GO:0060255', 'GO:0050789', 'GO:0051246', 'GO:0032268', 'GO:0050794', 'GO:0008150', 'GO:1903320'}"
GO:0007089,"{'GO:0007346', 'GO:0051726', 'GO:1900087', 'GO:0090068', 'GO:0065007', 'GO:1902808', 'GO:2000045', 'GO:1902806', 'GO:1901992', 'GO:1901990', 'GO:0050794', 'GO:0008150', 'GO:0048522', 'GO:1901989', 'GO:1901987', 'GO:0045931', 'GO:0045787', 'GO:0048518', 'GO:0010564', 'GO:0050789'}"
GO:0048015,"{'GO:0065007', 'GO:0035556', 'GO:0050789', 'GO:0009987', 'GO:0050794', 'GO:0007165', 'GO:0008150', 'GO:0048017'}"
GO:0006390,"{'GO:0016070', 'GO:0006351', 'GO:1901360', 'GO:0019438', 'GO:0009058', 'GO:0009987', 'GO:0006807', 'GO:0006725', 'GO:0071704', 'GO:0090304', 'GO:0008150', 'GO:1901362', 'GO:0034641', 'GO:1901576', 'GO:0046483', 'GO:0006139', 'GO:0034645', 'GO:0000959', 'GO:0097659', 'GO:0034654', 'GO:0044237', 'GO:0044271', 'GO:0043170', 'GO:0008152', 'GO:0009059', 'GO:0018130', 'GO:0044238', 'GO:0032774', 'GO:0044260', 'GO:0044249'}"
GO:0042795,"{'GO:0006351', 'GO:0016070', 'GO:1901360', 'GO:0019438', 'GO:0098781', 'GO:0009058', 'GO:0009987', 'GO:0006807', 'GO:0006725', 'GO:0071704', 'GO:0090304', 'GO:0008150', 'GO:1901362', 'GO:0034641', 'GO:0006366', 'GO:1901576', 'GO:0046483', 'GO:0006139', 'GO:0034645', 'GO:0097659', 'GO:0009301', 'GO:0034654', 'GO:0044237', 'GO:0044271', 'GO:0043170', 'GO:0008152', 'GO:0009059', 'GO:0018130', 'GO:0044238', 'GO:0032774', 'GO:0044260', 'GO:0044249'}"
GO:0042796,"{'GO:0006351', 'GO:0016070', 'GO:1901360', 'GO:0019438', 'GO:0098781', 'GO:0009058', 'GO:0009987', 'GO:0006807', 'GO:0006725', 'GO:0071704', 'GO:0090304', 'GO:0008150', 'GO:1901362', 'GO:0034641', 'GO:1901576', 'GO:0046483', 'GO:0006139', 'GO:0034645', 'GO:0097659', 'GO:0009301', 'GO:0034654', 'GO:0044237', 'GO:0044271', 'GO:0043170', 'GO:0008152', 'GO:0009059', 'GO:0018130', 'GO:0044238', 'GO:0032774', 'GO:0044260', 'GO:0044249', 'GO:0006383'}"
GO:0051771,"{'GO:0019222', 'GO:0009889', 'GO:0065007', 'GO:0060255', 'GO:0010558', 'GO:0048519', 'GO:0051769', 'GO:0010605', 'GO:0010556', 'GO:0050789', 'GO:0008150', 'GO:0009892', 'GO:0009890'}"
GO:0045787,"{'GO:0051726', 'GO:0048522', 'GO:0065007', 'GO:0050794', 'GO:0048518', 'GO:0050789', 'GO:0008150'}"
GO:0018344,"{'GO:0043412', 'GO:0019538', 'GO:0006464', 'GO:0009987', 'GO:0044237', 'GO:0036211', 'GO:0006807', 'GO:0097354', 'GO:0071704', 'GO:0044267', 'GO:0043170', 'GO:0008150', 'GO:0008152', 'GO:0044238', 'GO:0044260', 'GO:0018342', 'GO:1901564'}"
GO:0018342,"{'GO:0043412', 'GO:0019538', 'GO:0006464', 'GO:0009987', 'GO:0044237', 'GO:0036211', 'GO:0006807', 'GO:0097354', 'GO:0071704', 'GO:0044267', 'GO:0043170', 'GO:0008150', 'GO:0008152', 'GO:0044238', 'GO:0044260', 'GO:1901564'}"
GO:0070509,"{'GO:0030001', 'GO:0006811', 'GO:0051179', 'GO:0006816', 'GO:0006810', 'GO:0051234', 'GO:0008150', 'GO:0006812'}"
GO:0070588,"{'GO:0030001', 'GO:0006811', 'GO:0051179', 'GO:0006816', 'GO:0006810', 'GO:0098660', 'GO:0055085', 'GO:0098662', 'GO:0051234', 'GO:0009987', 'GO:0034220', 'GO:0008150', 'GO:0006812', 'GO:0098655'}"
GO:0061180,"{'GO:0032502', 'GO:0060429', 'GO:0048856', 'GO:0008150', 'GO:0009888'}"
GO:0045762,"{'GO:0045761', 'GO:0043085', 'GO:0051349', 'GO:0065009', 'GO:0065007', 'GO:0050790', 'GO:0044093', 'GO:0031279', 'GO:0031281', 'GO:0008150', 'GO:0051339'}"
GO:0051924,"{'GO:0051049', 'GO:0043269', 'GO:0010959', 'GO:0050789', 'GO:0065007', 'GO:0008150', 'GO:0032879'}"
GO:0002115,"{'GO:0030001', 'GO:0006811', 'GO:0051179', 'GO:0006816', 'GO:0006810', 'GO:0051234', 'GO:0008150', 'GO:0006812'}"
GO:0052695,"{'GO:0006082', 'GO:0044281', 'GO:0006063', 'GO:0032787', 'GO:0019585', 'GO:0043436', 'GO:0009987', 'GO:0044237', 'GO:0071704', 'GO:0019752', 'GO:0008150', 'GO:0008152'}"
GO:0071393,"{'GO:0071310', 'GO:1901700', 'GO:0050896', 'GO:0010033', 'GO:0009987', 'GO:0048545', 'GO:0051716', 'GO:0033993', 'GO:1901655', 'GO:0008150', 'GO:0071407', 'GO:0071396', 'GO:0042221', 'GO:0014070', 'GO:0032870', 'GO:0071495', 'GO:0009719', 'GO:0070887', 'GO:1901701', 'GO:0009725', 'GO:1901654', 'GO:0032570', 'GO:0071383'}"
GO:0042628,"{'GO:0022414', 'GO:0008150'}"
GO:0051382,"{'GO:0022607', 'GO:0051276', 'GO:0006996', 'GO:0070925', 'GO:0009987', 'GO:0034622', 'GO:0016043', 'GO:0071840', 'GO:0051383', 'GO:0043933', 'GO:0065003', 'GO:0008150'}"
GO:0007064,"{'GO:1903047', 'GO:0051276', 'GO:0022402', 'GO:0006996', 'GO:0009987', 'GO:0016043', 'GO:0071840', 'GO:0007062', 'GO:0008150'}"
GO:1990869,"{'GO:0071310', 'GO:0071345', 'GO:1990868', 'GO:0050896', 'GO:0010033', 'GO:0009987', 'GO:0051716', 'GO:0008150', 'GO:0042221', 'GO:0070887', 'GO:0034097'}"
GO:0036336,"{'GO:0006928', 'GO:0040011', 'GO:0048870', 'GO:0009987', 'GO:0002376', 'GO:0050900', 'GO:0008150', 'GO:0071674', 'GO:0016477'}"
GO:0001771,"{'GO:0009988', 'GO:0008037', 'GO:0008150', 'GO:0009987'}"
GO:0061485,"{'GO:0001775', 'GO:0045321', 'GO:0008283', 'GO:0042098', 'GO:0009987', 'GO:0032943', 'GO:0070661', 'GO:0002376', 'GO:0046649', 'GO:0046651', 'GO:0008150', 'GO:0042110'}"
GO:0070233,"{'GO:0065007', 'GO:0043066', 'GO:0043067', 'GO:0060548', 'GO:0050794', 'GO:0043069', 'GO:0042981', 'GO:0010941', 'GO:0008150', 'GO:0070228', 'GO:2000106', 'GO:0048519', 'GO:0070232', 'GO:0048523', 'GO:0050789', 'GO:0070229', 'GO:2000107'}"
GO:1903905,"{'GO:0050865', 'GO:0065007', 'GO:0002682', 'GO:0002694', 'GO:0050870', 'GO:0051249', 'GO:1903037', 'GO:2000114', 'GO:0050794', 'GO:0030155', 'GO:0008150', 'GO:0051251', 'GO:0032878', 'GO:0045785', 'GO:0048522', 'GO:0002684', 'GO:0002696', 'GO:0048518', 'GO:0022407', 'GO:0022409', 'GO:0050867', 'GO:0050863', 'GO:0050789', 'GO:1903039', 'GO:1903903'}"
GO:0043547,"{'GO:0051336', 'GO:0043085', 'GO:0065009', 'GO:0065007', 'GO:0050790', 'GO:0044093', 'GO:0051345', 'GO:0043087', 'GO:0008150'}"
GO:2000406,"{'GO:0040012', 'GO:0065007', 'GO:0051270', 'GO:0008150', 'GO:0048522', 'GO:0002684', 'GO:0030335', 'GO:0071675', 'GO:2000403', 'GO:2000401', 'GO:0050789', 'GO:0071677', 'GO:0002685', 'GO:0002682', 'GO:0051272', 'GO:0050794', 'GO:2000147', 'GO:0002687', 'GO:2000404', 'GO:0040017', 'GO:0032879', 'GO:0048518', 'GO:2000145', 'GO:0030334'}"
GO:0061028,"{'GO:0032502', 'GO:0009987', 'GO:0002064', 'GO:0048869', 'GO:0001885', 'GO:0048856', 'GO:0008150', 'GO:0048468'}"
GO:0030334,"{'GO:0040012', 'GO:0065007', 'GO:0051270', 'GO:0032879', 'GO:0050789', 'GO:0050794', 'GO:2000145', 'GO:0008150'}"
GO:0005980,"{'GO:0044262', 'GO:0005976', 'GO:0016052', 'GO:0009987', 'GO:0005977', 'GO:0071704', 'GO:0008150', 'GO:0044247', 'GO:0006073', 'GO:0044264', 'GO:0044042', 'GO:0009056', 'GO:0044237', 'GO:0005975', 'GO:0043170', 'GO:0008152', 'GO:0015980', 'GO:0006091', 'GO:0009057', 'GO:0044238', 'GO:0044248', 'GO:0044260', 'GO:1901575', 'GO:0000272', 'GO:0009251', 'GO:0044275', 'GO:0006112'}"
GO:0061723,"{'GO:0044042', 'GO:0044262', 'GO:0016236', 'GO:0009056', 'GO:0005976', 'GO:0016052', 'GO:0009987', 'GO:0044237', 'GO:0005975', 'GO:0005977', 'GO:0071704', 'GO:0006914', 'GO:0043170', 'GO:0008150', 'GO:0008152', 'GO:0044247', 'GO:0015980', 'GO:0006091', 'GO:0009057', 'GO:0006073', 'GO:0044238', 'GO:0044248', 'GO:0044260', 'GO:0005980', 'GO:1901575', 'GO:0061912', 'GO:0000272', 'GO:0009251', 'GO:0044275', 'GO:0006112', 'GO:0044264', 'GO:0061919'}"
GO:0046907,"{'GO:0051179', 'GO:0051649', 'GO:0006810', 'GO:0051234', 'GO:0051641', 'GO:0009987', 'GO:0008150'}"
GO:0051607,"{'GO:0140546', 'GO:0051707', 'GO:0009615', 'GO:0050896', 'GO:0002252', 'GO:0008150', 'GO:0006952', 'GO:0009607', 'GO:0009605', 'GO:0043207', 'GO:0098542', 'GO:0044419', 'GO:0002376', 'GO:0006950'}"
GO:0035563,"{'GO:0065009', 'GO:0051099', 'GO:0065007', 'GO:0044093', 'GO:0051098', 'GO:0035561', 'GO:0008150'}"
GO:2001034,"{'GO:0051054', 'GO:0031323', 'GO:0065007', 'GO:0048583', 'GO:0080135', 'GO:0080134', 'GO:0008150', 'GO:0048522', 'GO:2001020', 'GO:0031325', 'GO:0045739', 'GO:0045935', 'GO:0009893', 'GO:0050789', 'GO:0051171', 'GO:2000781', 'GO:0019219', 'GO:2000779', 'GO:0050794', 'GO:0051052', 'GO:0051173', 'GO:0019222', 'GO:0010604', 'GO:0080090', 'GO:0048584', 'GO:0060255', 'GO:0048518', 'GO:2001032', 'GO:0006282', 'GO:2001022'}"
GO:0060335,"{'GO:0050778', 'GO:0065007', 'GO:0010647', 'GO:0048583', 'GO:0045088', 'GO:0080134', 'GO:0001961', 'GO:0031349', 'GO:0008150', 'GO:0050776', 'GO:0009966', 'GO:0048522', 'GO:0002684', 'GO:0001959', 'GO:0060759', 'GO:0060330', 'GO:0050789', 'GO:0010646', 'GO:0060332', 'GO:0023056', 'GO:0002682', 'GO:0045089', 'GO:0060334', 'GO:0002833', 'GO:0009967', 'GO:0032101', 'GO:0050794', 'GO:0031347', 'GO:0060760', 'GO:0048584', 'GO:0002831', 'GO:0048518', 'GO:0032103', 'GO:0023051'}"
GO:1900182,"{'GO:0032880', 'GO:1903829', 'GO:0048522', 'GO:0065007', 'GO:0050794', 'GO:0060341', 'GO:0032879', 'GO:0048518', 'GO:1900180', 'GO:1903827', 'GO:0050789', 'GO:0008150'}"
GO:0006471,"{'GO:0043412', 'GO:0044238', 'GO:0019538', 'GO:0044260', 'GO:0006464', 'GO:0036211', 'GO:0006807', 'GO:0009987', 'GO:0044237', 'GO:0071704', 'GO:0044267', 'GO:0043170', 'GO:0008150', 'GO:0008152', 'GO:1901564'}"
GO:0140289,"{'GO:0043412', 'GO:0019538', 'GO:0006464', 'GO:0036211', 'GO:0006807', 'GO:0009987', 'GO:0044237', 'GO:0071704', 'GO:0044267', 'GO:0043170', 'GO:0008150', 'GO:0008152', 'GO:0044238', 'GO:0044260', 'GO:0006471', 'GO:1901564'}"
GO:0070212,"{'GO:0043412', 'GO:0019538', 'GO:0006464', 'GO:0036211', 'GO:0006807', 'GO:0009987', 'GO:0044237', 'GO:0071704', 'GO:0044267', 'GO:0043170', 'GO:0008150', 'GO:0008152', 'GO:0044238', 'GO:0044260', 'GO:0006471', 'GO:1901564'}"
GO:0060330,"{'GO:0065007', 'GO:0002682', 'GO:0045088', 'GO:0048583', 'GO:0032101', 'GO:0080134', 'GO:0031347', 'GO:0008150', 'GO:0050776', 'GO:0060759', 'GO:0002831', 'GO:0050789'}"
GO:0030218,"{'GO:0009987', 'GO:0048869', 'GO:0032502', 'GO:0008150', 'GO:0030154', 'GO:0030099'}"
GO:0060218,"{'GO:0032502', 'GO:0002244', 'GO:0048863', 'GO:0009987', 'GO:0048869', 'GO:0008150', 'GO:0030154'}"
GO:0016570,"{'GO:0043412', 'GO:0019538', 'GO:0006464', 'GO:0009987', 'GO:0036211', 'GO:0006807', 'GO:0044237', 'GO:0071840', 'GO:0071704', 'GO:0044267', 'GO:0043170', 'GO:0008150', 'GO:0008152', 'GO:0016569', 'GO:0006325', 'GO:0044238', 'GO:0044260', 'GO:0016043', 'GO:1901564'}"
GO:0031397,"{'GO:0031323', 'GO:0065007', 'GO:0031400', 'GO:0008150', 'GO:0051172', 'GO:0048523', 'GO:0050789', 'GO:0031324', 'GO:0031396', 'GO:0051171', 'GO:0032269', 'GO:1903321', 'GO:0032268', 'GO:0050794', 'GO:0019222', 'GO:0080090', 'GO:0031399', 'GO:0060255', 'GO:0048519', 'GO:0051246', 'GO:0051248', 'GO:0010605', 'GO:0009892', 'GO:1903320'}"
GO:0043122,"{'GO:0065007', 'GO:0009966', 'GO:0050794', 'GO:0048583', 'GO:1902531', 'GO:0050789', 'GO:0008150', 'GO:0010646', 'GO:0023051'}"
GO:0050727,"{'GO:0065007', 'GO:0048583', 'GO:0032101', 'GO:0080134', 'GO:0050789', 'GO:0031347', 'GO:0008150'}"
GO:0032434,"{'GO:0051171', 'GO:0042176', 'GO:0031323', 'GO:0065007', 'GO:0009894', 'GO:0032268', 'GO:0031329', 'GO:0061136', 'GO:2000058', 'GO:0050794', 'GO:0008150', 'GO:0019222', 'GO:0030162', 'GO:0080090', 'GO:0060255', 'GO:1903050', 'GO:0051246', 'GO:0050789', 'GO:1903362'}"
GO:0032880,"{'GO:0050789', 'GO:0065007', 'GO:0008150', 'GO:0032879'}"
GO:1902065,"{'GO:0042221', 'GO:0043200', 'GO:1901700', 'GO:0050896', 'GO:0010033', 'GO:0010243', 'GO:0001101', 'GO:0008150', 'GO:1901698'}"
GO:0044648,"{'GO:0019538', 'GO:0006464', 'GO:0036211', 'GO:0006807', 'GO:0009987', 'GO:0071704', 'GO:0006479', 'GO:0016570', 'GO:0008150', 'GO:0018205', 'GO:0034968', 'GO:1901564', 'GO:0043412', 'GO:0018027', 'GO:0008213', 'GO:0032259', 'GO:0018022', 'GO:0044237', 'GO:0016571', 'GO:0071840', 'GO:0044267', 'GO:0043170', 'GO:0008152', 'GO:0018193', 'GO:0016569', 'GO:0006325', 'GO:0044238', 'GO:0044260', 'GO:0051568', 'GO:0016043', 'GO:0043414'}"
GO:0097692,"{'GO:0043412', 'GO:0019538', 'GO:0008213', 'GO:0032259', 'GO:0006464', 'GO:0036211', 'GO:0006807', 'GO:0009987', 'GO:0018022', 'GO:0044237', 'GO:0071704', 'GO:0006479', 'GO:0016571', 'GO:0071840', 'GO:0044267', 'GO:0008150', 'GO:0043170', 'GO:0018205', 'GO:0008152', 'GO:0018193', 'GO:0016569', 'GO:0006325', 'GO:0044238', 'GO:0034968', 'GO:0044260', 'GO:0016570', 'GO:0051568', 'GO:0016043', 'GO:0043414', 'GO:1901564'}"
GO:0080182,"{'GO:0019538', 'GO:0006464', 'GO:0036211', 'GO:0006807', 'GO:0009987', 'GO:0071704', 'GO:0006479', 'GO:0018023', 'GO:0008150', 'GO:0018205', 'GO:0034968', 'GO:0043414', 'GO:1901564', 'GO:0043412', 'GO:0008213', 'GO:0032259', 'GO:0018022', 'GO:0044237', 'GO:0016571', 'GO:0071840', 'GO:0044267', 'GO:0043170', 'GO:0008152', 'GO:0018193', 'GO:0016569', 'GO:0006325', 'GO:0044238', 'GO:0044260', 'GO:0051568', 'GO:0016043', 'GO:0016570'}"
GO:0019725,"{'GO:0042592', 'GO:0065007', 'GO:0065008', 'GO:0009987', 'GO:0008150'}"
GO:0032963,"{'GO:0008150', 'GO:0008152'}"
GO:0048871,"{'GO:0042592', 'GO:0065007', 'GO:0008150', 'GO:0065008', 'GO:0032501'}"
GO:0046627,"{'GO:0046626', 'GO:0065007', 'GO:0023057', 'GO:0048583', 'GO:1900076', 'GO:1900077', 'GO:0048585', 'GO:0050794', 'GO:0008150', 'GO:0009966', 'GO:0009968', 'GO:0048519', 'GO:0048523', 'GO:0010648', 'GO:0050789', 'GO:0010646', 'GO:0023051'}"
GO:0014850,"{'GO:0008150', 'GO:0050896', 'GO:0014823'}"
GO:0060993,"{'GO:0009653', 'GO:0008150', 'GO:0009887', 'GO:0032502'}"
GO:0072195,"{'GO:0032502', 'GO:0051145', 'GO:0061005', 'GO:0009987', 'GO:0048869', 'GO:0008150', 'GO:0030154', 'GO:0042692'}"
GO:0060291,"{'GO:0023056', 'GO:0065007', 'GO:0010647', 'GO:0065008', 'GO:0048167', 'GO:0050794', 'GO:0099177', 'GO:0008150', 'GO:0050804', 'GO:0048522', 'GO:0048518', 'GO:0050806', 'GO:0050789', 'GO:0010646', 'GO:0023051'}"
GO:0001656,"{'GO:0001822', 'GO:0032502', 'GO:0048513', 'GO:0048856', 'GO:0008150'}"
GO:0050881,"{'GO:0050879', 'GO:0008150', 'GO:0032501'}"
GO:0051152,"{'GO:0045597', 'GO:0051150', 'GO:0048522', 'GO:0065007', 'GO:0045595', 'GO:0051094', 'GO:0048518', 'GO:0050789', 'GO:0050793', 'GO:0051149', 'GO:0051147', 'GO:0050794', 'GO:0008150'}"
GO:0051968,"{'GO:0023056', 'GO:0065007', 'GO:0010647', 'GO:0051966', 'GO:0050794', 'GO:0099177', 'GO:0008150', 'GO:0050804', 'GO:0048522', 'GO:0048518', 'GO:0050806', 'GO:0050789', 'GO:0010646', 'GO:0023051'}"
GO:0002087,"{'GO:0003008', 'GO:0051239', 'GO:0065007', 'GO:0043576', 'GO:0032501', 'GO:0044057', 'GO:0050789', 'GO:0044065', 'GO:0008150', 'GO:0050877'}"
GO:0050975,"{'GO:0003008', 'GO:0007600', 'GO:0050954', 'GO:0008150', 'GO:0050877', 'GO:0032501'}"
GO:0048745,"{'GO:0032502', 'GO:0060537', 'GO:0048856', 'GO:0008150', 'GO:0009888'}"
GO:0072193,"{'GO:0009987', 'GO:0048869', 'GO:0042692', 'GO:0032502', 'GO:0051145', 'GO:0008150', 'GO:0030154'}"
GO:0072105,"{'GO:0006939', 'GO:0003008', 'GO:0006936', 'GO:0032501', 'GO:0014821', 'GO:0003012', 'GO:0014849', 'GO:0030432', 'GO:0008150', 'GO:0014848'}"
GO:0015670,"{'GO:0006811', 'GO:0006820', 'GO:0051179', 'GO:0015669', 'GO:0006810', 'GO:0019755', 'GO:0051234', 'GO:0071702', 'GO:0008150'}"
GO:0055064,"{'GO:0042592', 'GO:0055083', 'GO:0065007', 'GO:0055081', 'GO:0065008', 'GO:0048878', 'GO:0050801', 'GO:0098771', 'GO:0008150'}"
GO:0006885,"{'GO:0042592', 'GO:0065007', 'GO:0065008', 'GO:0048878', 'GO:0055080', 'GO:0050801', 'GO:0098771', 'GO:0008150', 'GO:0055067'}"
GO:0030838,"{'GO:0044089', 'GO:0090066', 'GO:0065007', 'GO:0009987', 'GO:0030833', 'GO:0008150', 'GO:1902903', 'GO:0048522', 'GO:0010638', 'GO:0044087', 'GO:0030832', 'GO:0032273', 'GO:0033043', 'GO:0050789', 'GO:0008064', 'GO:1902905', 'GO:0051493', 'GO:0065008', 'GO:0032956', 'GO:0051130', 'GO:0043254', 'GO:0110053', 'GO:0071840', 'GO:0032970', 'GO:0050794', 'GO:0051495', 'GO:0048518', 'GO:0032271', 'GO:0032535', 'GO:0051128', 'GO:0016043', 'GO:0031334'}"
GO:0031274,"{'GO:0044089', 'GO:0120035', 'GO:0031344', 'GO:0065007', 'GO:0051130', 'GO:0050794', 'GO:0008150', 'GO:0120032', 'GO:0048522', 'GO:0060491', 'GO:0120034', 'GO:0044087', 'GO:0031272', 'GO:0048518', 'GO:0031346', 'GO:0051128', 'GO:0050789'}"
GO:0008360,"{'GO:0022604', 'GO:0065007', 'GO:0065008', 'GO:0022603', 'GO:0050793', 'GO:0050789', 'GO:0008150'}"
GO:0007266,"{'GO:0007265', 'GO:0065007', 'GO:0035556', 'GO:0050794', 'GO:0007264', 'GO:0009987', 'GO:0050789', 'GO:0007165', 'GO:0008150'}"
GO:0060348,"{'GO:0048513', 'GO:0048856', 'GO:0008150', 'GO:0032502'}"
GO:0001502,"{'GO:0009987', 'GO:0008150', 'GO:0098743'}"
GO:0002063,"{'GO:0009987', 'GO:0048869', 'GO:0032502', 'GO:0048856', 'GO:0008150', 'GO:0048468'}"
GO:0048706,"{'GO:0001501', 'GO:0048731', 'GO:0032502', 'GO:0048856', 'GO:0008150'}"
GO:0014846,"{'GO:0006939', 'GO:0014831', 'GO:0003012', 'GO:0003008', 'GO:0006936', 'GO:0008150', 'GO:0032501'}"
GO:0032836,"{'GO:0043062', 'GO:0032502', 'GO:0030198', 'GO:0045229', 'GO:0009987', 'GO:0016043', 'GO:0071840', 'GO:0048856', 'GO:0008150'}"
GO:0003094,"{'GO:0003014', 'GO:0003008', 'GO:0008150', 'GO:0097205', 'GO:0032501'}"
GO:0030201,"{'GO:0044238', 'GO:1901135', 'GO:0019538', 'GO:0044260', 'GO:0009987', 'GO:0009100', 'GO:0044237', 'GO:0006807', 'GO:0006029', 'GO:0071704', 'GO:0043170', 'GO:0008150', 'GO:0008152', 'GO:1901564'}"
GO:0036022,"{'GO:0009653', 'GO:0008150', 'GO:0032502'}"
GO:0016525,"{'GO:2000181', 'GO:0051241', 'GO:0065007', 'GO:0050793', 'GO:1901343', 'GO:0051093', 'GO:0045765', 'GO:0008150', 'GO:1901342', 'GO:0051239', 'GO:2000026', 'GO:0022603', 'GO:0048519', 'GO:0050789'}"
GO:0001937,"{'GO:0042127', 'GO:0065007', 'GO:0001936', 'GO:0050678', 'GO:0050789', 'GO:0048519', 'GO:0050680', 'GO:0048523', 'GO:0050794', 'GO:0008150', 'GO:0008285'}"
GO:0040037,"{'GO:0065007', 'GO:0023057', 'GO:0040036', 'GO:0048583', 'GO:0048585', 'GO:0050794', 'GO:0008150', 'GO:0009966', 'GO:0009968', 'GO:0048519', 'GO:0090288', 'GO:0048523', 'GO:0010648', 'GO:0050789', 'GO:0010646', 'GO:0023051', 'GO:0090287'}"
GO:0060686,"{'GO:0065007', 'GO:0050793', 'GO:1905330', 'GO:0051093', 'GO:0008150', 'GO:2000241', 'GO:0003156', 'GO:0051239', 'GO:0060688', 'GO:0022603', 'GO:0048519', 'GO:0060685', 'GO:2000242', 'GO:1905331', 'GO:0050789', 'GO:2000027'}"
GO:0030513,"{'GO:0023056', 'GO:0065007', 'GO:0010647', 'GO:0048583', 'GO:0009967', 'GO:0090287', 'GO:0050794', 'GO:0030510', 'GO:0008150', 'GO:0009966', 'GO:0090100', 'GO:0048522', 'GO:0048584', 'GO:0048518', 'GO:0050789', 'GO:0010646', 'GO:0023051', 'GO:0090092'}"
GO:0030177,"{'GO:0023056', 'GO:0030111', 'GO:0065007', 'GO:0010647', 'GO:0048583', 'GO:0009967', 'GO:0050794', 'GO:0008150', 'GO:0009966', 'GO:0048522', 'GO:0048584', 'GO:0048518', 'GO:0050789', 'GO:0010646', 'GO:0023051'}"
GO:0040036,"{'GO:0065007', 'GO:0048583', 'GO:0050789', 'GO:0023051', 'GO:0050794', 'GO:0008150', 'GO:0010646', 'GO:0009966', 'GO:0090287'}"
GO:0006790,"{'GO:0009987', 'GO:0044237', 'GO:0008150', 'GO:0008152'}"
GO:0048010,"{'GO:0007167', 'GO:0065007', 'GO:0007169', 'GO:0050789', 'GO:0009987', 'GO:0050794', 'GO:0007165', 'GO:0007166', 'GO:0008150'}"
GO:0035458,"{'GO:0071310', 'GO:0071345', 'GO:0050896', 'GO:0010033', 'GO:0009987', 'GO:0051716', 'GO:0008150', 'GO:0042221', 'GO:0070887', 'GO:0035456', 'GO:0034097'}"
GO:0000958,"{'GO:0016070', 'GO:0034655', 'GO:1901361', 'GO:0065007', 'GO:0009987', 'GO:0006807', 'GO:0090304', 'GO:0046700', 'GO:0034641', 'GO:0044265', 'GO:0000959', 'GO:0006401', 'GO:0016071', 'GO:0044237', 'GO:0008152', 'GO:0009057', 'GO:0044248', 'GO:0000957', 'GO:1901575', 'GO:0048519', 'GO:0009892', 'GO:0006402', 'GO:1901360', 'GO:0006725', 'GO:0071704', 'GO:0008150', 'GO:0010468', 'GO:0046483', 'GO:0050789', 'GO:0006139', 'GO:0009056', 'GO:0010629', 'GO:0043170', 'GO:0044270', 'GO:0044238', 'GO:0019222', 'GO:0044260', 'GO:0060255', 'GO:0019439', 'GO:0010605'}"
GO:0097222,"{'GO:0016070', 'GO:1901360', 'GO:0009987', 'GO:0006807', 'GO:0031124', 'GO:0006725', 'GO:0071704', 'GO:0090304', 'GO:0010467', 'GO:0008150', 'GO:0006397', 'GO:0034641', 'GO:0006396', 'GO:0043631', 'GO:0090616', 'GO:0140053', 'GO:0046483', 'GO:0006139', 'GO:0006378', 'GO:0000965', 'GO:0000959', 'GO:0016071', 'GO:0044237', 'GO:0000963', 'GO:0043170', 'GO:0008152', 'GO:0044238', 'GO:0090615', 'GO:0031123'}"
GO:0000965,"{'GO:0016070', 'GO:1901360', 'GO:0000959', 'GO:0009987', 'GO:0044237', 'GO:0006807', 'GO:0006725', 'GO:0000963', 'GO:0071704', 'GO:0090304', 'GO:0010467', 'GO:0043170', 'GO:0008150', 'GO:0008152', 'GO:0044238', 'GO:0046483', 'GO:0034641', 'GO:0006396', 'GO:0031123', 'GO:0140053', 'GO:0006139'}"
GO:0000964,"{'GO:0016070', 'GO:1901360', 'GO:0000959', 'GO:0009987', 'GO:0044237', 'GO:0006807', 'GO:0006725', 'GO:0000966', 'GO:0000963', 'GO:0071704', 'GO:0090304', 'GO:0010467', 'GO:0043170', 'GO:0008150', 'GO:0008152', 'GO:0044238', 'GO:0046483', 'GO:0034641', 'GO:0006396', 'GO:0140053', 'GO:0006139'}"
GO:0000957,"{'GO:0016070', 'GO:1901360', 'GO:0034655', 'GO:1901361', 'GO:0009987', 'GO:0006807', 'GO:0006725', 'GO:0071704', 'GO:0090304', 'GO:0046700', 'GO:0008150', 'GO:0034641', 'GO:0046483', 'GO:0006139', 'GO:0044265', 'GO:0000959', 'GO:0006401', 'GO:0009056', 'GO:0044237', 'GO:0043170', 'GO:0008152', 'GO:0009057', 'GO:0044248', 'GO:0044270', 'GO:0044238', 'GO:1901575', 'GO:0044260', 'GO:0019439'}"
GO:0000963,"{'GO:0016070', 'GO:1901360', 'GO:0000959', 'GO:0009987', 'GO:0044237', 'GO:0006807', 'GO:0006725', 'GO:0071704', 'GO:0090304', 'GO:0010467', 'GO:0043170', 'GO:0008150', 'GO:0008152', 'GO:0044238', 'GO:0034641', 'GO:0140053', 'GO:0006396', 'GO:0046483', 'GO:0006139'}"
GO:0070584,"{'GO:0007005', 'GO:0032502', 'GO:0006996', 'GO:0032989', 'GO:0009987', 'GO:0048869', 'GO:0016043', 'GO:0071840', 'GO:0032990', 'GO:0009653', 'GO:0008150'}"
GO:0071850,"{'GO:0007346', 'GO:0051726', 'GO:0065007', 'GO:0022402', 'GO:0009987', 'GO:0045786', 'GO:0050794', 'GO:0008150', 'GO:0045930', 'GO:0048519', 'GO:0007050', 'GO:0048523', 'GO:0050789'}"
GO:0006402,"{'GO:0016070', 'GO:1901360', 'GO:0034655', 'GO:1901361', 'GO:0065007', 'GO:0009987', 'GO:0006807', 'GO:0006725', 'GO:0071704', 'GO:0090304', 'GO:0046700', 'GO:0008150', 'GO:0010468', 'GO:0034641', 'GO:0046483', 'GO:0050789', 'GO:0006139', 'GO:0044265', 'GO:0006401', 'GO:0009056', 'GO:0016071', 'GO:0044237', 'GO:0010629', 'GO:0043170', 'GO:0008152', 'GO:0009057', 'GO:0044248', 'GO:0044270', 'GO:0044238', 'GO:0019222', 'GO:1901575', 'GO:0060255', 'GO:0044260', 'GO:0048519', 'GO:0010605', 'GO:0019439', 'GO:0009892'}"
GO:0045926,"{'GO:0065007', 'GO:0040008', 'GO:0048519', 'GO:0050789', 'GO:0008150'}"
GO:0071042,"{'GO:0016070', 'GO:1901360', 'GO:0034655', 'GO:1901361', 'GO:0065007', 'GO:0009987', 'GO:0006807', 'GO:0006725', 'GO:0071704', 'GO:0090304', 'GO:0046700', 'GO:0008150', 'GO:0010468', 'GO:0034641', 'GO:0046483', 'GO:0050789', 'GO:0006139', 'GO:0044265', 'GO:0043633', 'GO:0071047', 'GO:0006401', 'GO:0009056', 'GO:0016071', 'GO:0044237', 'GO:0010629', 'GO:0043170', 'GO:0008152', 'GO:0009057', 'GO:0044248', 'GO:0043632', 'GO:0044270', 'GO:0044238', 'GO:0019222', 'GO:1901575', 'GO:0044260', 'GO:0060255', 'GO:0048519', 'GO:0019439', 'GO:0010605', 'GO:0009892', 'GO:0006402'}"
GO:2000627,"{'GO:0031323', 'GO:0065007', 'GO:0009894', 'GO:0031331', 'GO:0031329', 'GO:2000625', 'GO:0008150', 'GO:0048522', 'GO:0051254', 'GO:2000628', 'GO:0031325', 'GO:0045935', 'GO:0050789', 'GO:0009893', 'GO:0051171', 'GO:0019219', 'GO:0050794', 'GO:0051252', 'GO:0009896', 'GO:0051173', 'GO:0019222', 'GO:0010604', 'GO:0080090', 'GO:2000630', 'GO:0060255', 'GO:0048518'}"
GO:0000962,"{'GO:0051171', 'GO:0031323', 'GO:0000960', 'GO:0065007', 'GO:0009894', 'GO:0031331', 'GO:0031329', 'GO:0019219', 'GO:0050794', 'GO:0051252', 'GO:0008150', 'GO:0009893', 'GO:0009896', 'GO:0051173', 'GO:0048522', 'GO:0019222', 'GO:0010604', 'GO:0080090', 'GO:0060255', 'GO:0048518', 'GO:0051254', 'GO:0031325', 'GO:0045935', 'GO:0050789'}"
GO:0061014,"{'GO:0031323', 'GO:0065007', 'GO:0009894', 'GO:0031331', 'GO:0031329', 'GO:0008150', 'GO:1903313', 'GO:0048522', 'GO:0010468', 'GO:0051254', 'GO:0031325', 'GO:0045935', 'GO:0009893', 'GO:0050789', 'GO:1903311', 'GO:0051171', 'GO:0019219', 'GO:0050794', 'GO:0051252', 'GO:0009896', 'GO:0051173', 'GO:0019222', 'GO:0010604', 'GO:0080090', 'GO:0060255', 'GO:0048518', 'GO:0061013'}"
GO:0051260,"{'GO:0051259', 'GO:0022607', 'GO:0009987', 'GO:0016043', 'GO:0071840', 'GO:0043933', 'GO:0065003', 'GO:0008150'}"
GO:0070207,"{'GO:0065003', 'GO:0051259', 'GO:0022607', 'GO:0070206', 'GO:0009987', 'GO:0016043', 'GO:0071840', 'GO:0043933', 'GO:0051260', 'GO:0008150'}"
GO:0043457,"{'GO:0019222', 'GO:0031323', 'GO:0065007', 'GO:0050789', 'GO:0043467', 'GO:0050794', 'GO:0008150'}"
GO:2000772,"{'GO:0065007', 'GO:0050794', 'GO:0048583', 'GO:0050793', 'GO:0090342', 'GO:0080135', 'GO:0080134', 'GO:0050789', 'GO:0008150'}"
GO:0060416,"{'GO:0042221', 'GO:1901652', 'GO:1901700', 'GO:0050896', 'GO:0010033', 'GO:0009725', 'GO:0009719', 'GO:0043434', 'GO:0010243', 'GO:0008150', 'GO:1901698'}"
GO:0006401,"{'GO:0016070', 'GO:1901360', 'GO:0034655', 'GO:1901361', 'GO:0009987', 'GO:0006807', 'GO:0006725', 'GO:0071704', 'GO:0090304', 'GO:0046700', 'GO:0008150', 'GO:0034641', 'GO:0046483', 'GO:0006139', 'GO:0044265', 'GO:0009056', 'GO:0044237', 'GO:0043170', 'GO:0008152', 'GO:0009057', 'GO:0044248', 'GO:0044270', 'GO:0044238', 'GO:1901575', 'GO:0044260', 'GO:0019439'}"
GO:0035927,"{'GO:0006820', 'GO:1990542', 'GO:0050657', 'GO:0055085', 'GO:0051234', 'GO:0009987', 'GO:0034220', 'GO:0006839', 'GO:0015931', 'GO:0098656', 'GO:0051236', 'GO:0008150', 'GO:0050658', 'GO:0071705', 'GO:0006811', 'GO:0051179', 'GO:0006810', 'GO:0071702'}"
GO:0043631,"{'GO:0016070', 'GO:0044238', 'GO:1901360', 'GO:0043170', 'GO:0034641', 'GO:0009987', 'GO:0044237', 'GO:0006807', 'GO:0006725', 'GO:0071704', 'GO:0046483', 'GO:0006139', 'GO:0008150', 'GO:0090304', 'GO:0008152'}"
GO:0035928,"{'GO:0006820', 'GO:1990542', 'GO:0050657', 'GO:0055085', 'GO:0051234', 'GO:0009987', 'GO:0034220', 'GO:0006839', 'GO:0015931', 'GO:0098656', 'GO:0051236', 'GO:0035927', 'GO:0008150', 'GO:0050658', 'GO:0071705', 'GO:0006811', 'GO:0051029', 'GO:0051179', 'GO:0006810', 'GO:0071702'}"
GO:0089700,"{'GO:0050794', 'GO:0009987', 'GO:0008150', 'GO:0050789', 'GO:0065007', 'GO:0035556', 'GO:0007165'}"
GO:1904028,"{'GO:0065007', 'GO:1903053', 'GO:0051130', 'GO:0050794', 'GO:0008150', 'GO:1902903', 'GO:0048522', 'GO:0048518', 'GO:1903055', 'GO:0051128', 'GO:1904026', 'GO:0050789', 'GO:1902905'}"
GO:0045110,"{'GO:0097435', 'GO:0022607', 'GO:0006996', 'GO:0007010', 'GO:0009987', 'GO:0045104', 'GO:0016043', 'GO:0071840', 'GO:0045103', 'GO:0008150', 'GO:0045109'}"
GO:0045109,"{'GO:0097435', 'GO:0006996', 'GO:0007010', 'GO:0009987', 'GO:0045104', 'GO:0016043', 'GO:0071840', 'GO:0045103', 'GO:0008150'}"
GO:0050680,"{'GO:0042127', 'GO:0065007', 'GO:0050794', 'GO:0050789', 'GO:0048519', 'GO:0048523', 'GO:0050678', 'GO:0008150', 'GO:0008285'}"
GO:0051548,"{'GO:0051241', 'GO:0010633', 'GO:0040012', 'GO:0065007', 'GO:0051270', 'GO:0050794', 'GO:2000146', 'GO:0008150', 'GO:0010632', 'GO:0051547', 'GO:0051239', 'GO:0051271', 'GO:0032879', 'GO:0040013', 'GO:0048519', 'GO:0048523', 'GO:0050789', 'GO:2000145', 'GO:0030336', 'GO:0030334'}"
GO:0010839,"{'GO:0042127', 'GO:0065007', 'GO:0050678', 'GO:0050789', 'GO:0048519', 'GO:0010837', 'GO:0050680', 'GO:0048523', 'GO:0050794', 'GO:0008150', 'GO:0008285'}"
GO:0061045,"{'GO:1903034', 'GO:1903035', 'GO:0065007', 'GO:0048583', 'GO:0032102', 'GO:0048519', 'GO:0048585', 'GO:0032101', 'GO:0080134', 'GO:0050789', 'GO:0008150', 'GO:0061041'}"
GO:0060054,"{'GO:0042127', 'GO:0048522', 'GO:0065007', 'GO:0050678', 'GO:0048518', 'GO:0050789', 'GO:0050679', 'GO:0050794', 'GO:0008284', 'GO:0008150'}"
GO:0030856,"{'GO:0051239', 'GO:0045595', 'GO:0065007', 'GO:2000026', 'GO:0050794', 'GO:0050793', 'GO:0050789', 'GO:0008150'}"
GO:1905041,"{'GO:0050793', 'GO:0048638', 'GO:0050789', 'GO:0065007', 'GO:0008150', 'GO:0040008'}"
GO:0051604,"{'GO:0044238', 'GO:0019538', 'GO:0006807', 'GO:0071704', 'GO:0043170', 'GO:0008150', 'GO:0008152', 'GO:1901564'}"
GO:0030308,"{'GO:0001558', 'GO:0065007', 'GO:0045926', 'GO:0050794', 'GO:0040008', 'GO:0048519', 'GO:0051128', 'GO:0048523', 'GO:0050789', 'GO:0008150'}"
GO:0009838,"{'GO:0008150', 'GO:0032502'}"
GO:0060612,"{'GO:0061448', 'GO:0032502', 'GO:0048856', 'GO:0008150', 'GO:0009888'}"
GO:0034389,"{'GO:0009987', 'GO:0016043', 'GO:0071840', 'GO:0008150', 'GO:0006996'}"
GO:0030514,"{'GO:0065007', 'GO:0023057', 'GO:0048583', 'GO:0048585', 'GO:0023051', 'GO:0090287', 'GO:0050794', 'GO:0008150', 'GO:0030510', 'GO:0009966', 'GO:0009968', 'GO:0090101', 'GO:0048519', 'GO:0090288', 'GO:0048523', 'GO:0050789', 'GO:0010646', 'GO:0010648', 'GO:0090092'}"
GO:0048698,"{'GO:0030308', 'GO:0048670', 'GO:0031344', 'GO:0065007', 'GO:0040008', 'GO:0010721', 'GO:0051093', 'GO:0008150', 'GO:0051239', 'GO:0045595', 'GO:0010977', 'GO:2000026', 'GO:0022603', 'GO:0051960', 'GO:0048671', 'GO:0048523', 'GO:0050789', 'GO:0048640', 'GO:0050767', 'GO:0060284', 'GO:0050768', 'GO:0120035', 'GO:0051241', 'GO:0031345', 'GO:0001558', 'GO:0045926', 'GO:0045596', 'GO:0050793', 'GO:0048638', 'GO:0051129', 'GO:0010975', 'GO:0050794', 'GO:0050770', 'GO:0051961', 'GO:0048519', 'GO:0050771', 'GO:0061387', 'GO:0051128', 'GO:0048696'}"
GO:0050905,"{'GO:0008150', 'GO:0050877', 'GO:0003008', 'GO:0032501'}"
GO:0051881,"{'GO:0065007', 'GO:0008150', 'GO:0042391', 'GO:0065008'}"
GO:0009097,"{'GO:1901607', 'GO:0009058', 'GO:0009987', 'GO:0006807', 'GO:0006520', 'GO:0071704', 'GO:0008150', 'GO:0006549', 'GO:0009081', 'GO:0006082', 'GO:1901576', 'GO:0044283', 'GO:0019752', 'GO:0009082', 'GO:1901564', 'GO:1901605', 'GO:0044237', 'GO:1901566', 'GO:0008152', 'GO:0044238', 'GO:0044281', 'GO:0016053', 'GO:0043436', 'GO:0044249'}"
GO:0006567,"{'GO:0046395', 'GO:0009987', 'GO:0006807', 'GO:0006520', 'GO:0071704', 'GO:0008150', 'GO:0009063', 'GO:0009066', 'GO:0006082', 'GO:0009068', 'GO:1901606', 'GO:0006566', 'GO:0044282', 'GO:0019752', 'GO:1901565', 'GO:1901564', 'GO:0016054', 'GO:1901605', 'GO:0009056', 'GO:0044237', 'GO:0008152', 'GO:0044248', 'GO:0044238', 'GO:0044281', 'GO:1901575', 'GO:0043436'}"
GO:0006566,"{'GO:0044238', 'GO:0009066', 'GO:0006082', 'GO:0044281', 'GO:1901605', 'GO:0043436', 'GO:0009987', 'GO:0044237', 'GO:0006807', 'GO:0006520', 'GO:0071704', 'GO:0019752', 'GO:0008150', 'GO:0008152', 'GO:1901564'}"
GO:0060840,"{'GO:0048856', 'GO:0008150', 'GO:0001568', 'GO:0032502'}"
GO:0021503,"{'GO:0002009', 'GO:0060571', 'GO:0032502', 'GO:0048598', 'GO:0009653', 'GO:0008150', 'GO:0048729'}"
GO:0003281,"{'GO:0032502', 'GO:0048856', 'GO:0003279', 'GO:0008150'}"
GO:0010390,"{'GO:0019538', 'GO:0006513', 'GO:0070647', 'GO:0016574', 'GO:0006464', 'GO:0009987', 'GO:0036211', 'GO:0006807', 'GO:0071704', 'GO:0008150', 'GO:1901564', 'GO:0043412', 'GO:0016567', 'GO:0044237', 'GO:0071840', 'GO:0044267', 'GO:0043170', 'GO:0008152', 'GO:0016569', 'GO:0006325', 'GO:0044238', 'GO:0044260', 'GO:0016043', 'GO:0032446', 'GO:0016570'}"
GO:0016574,"{'GO:0043412', 'GO:0016567', 'GO:0019538', 'GO:0070647', 'GO:0006464', 'GO:0009987', 'GO:0036211', 'GO:0006807', 'GO:0044237', 'GO:0071840', 'GO:0071704', 'GO:0044267', 'GO:0043170', 'GO:0008150', 'GO:0008152', 'GO:0016569', 'GO:0006325', 'GO:0044238', 'GO:0044260', 'GO:0016043', 'GO:0032446', 'GO:0016570', 'GO:1901564'}"
GO:0010216,"{'GO:1901360', 'GO:0009987', 'GO:0044237', 'GO:0006807', 'GO:0006725', 'GO:0071704', 'GO:0090304', 'GO:0043170', 'GO:0008150', 'GO:0008152', 'GO:0044238', 'GO:0034641', 'GO:0044260', 'GO:0046483', 'GO:0006139', 'GO:0006259'}"
GO:0032270,"{'GO:0051171', 'GO:0031323', 'GO:0065007', 'GO:0032268', 'GO:0051247', 'GO:0050794', 'GO:0008150', 'GO:0009893', 'GO:0051173', 'GO:0048522', 'GO:0019222', 'GO:0010604', 'GO:0080090', 'GO:0060255', 'GO:0048518', 'GO:0051246', 'GO:0031325', 'GO:0050789'}"
GO:0006417,"{'GO:0051171', 'GO:0031323', 'GO:0009889', 'GO:0065007', 'GO:0032268', 'GO:0050794', 'GO:0008150', 'GO:0019222', 'GO:0010468', 'GO:0080090', 'GO:0034248', 'GO:2000112', 'GO:0060255', 'GO:0031326', 'GO:0051246', 'GO:0010608', 'GO:0010556', 'GO:0050789'}"
GO:0006672,"{'GO:0006629', 'GO:0044238', 'GO:0043603', 'GO:0006643', 'GO:0034641', 'GO:0006665', 'GO:0009987', 'GO:0044237', 'GO:0006807', 'GO:0044255', 'GO:0071704', 'GO:0008150', 'GO:0008152', 'GO:1901564'}"
GO:0006651,"{'GO:0006629', 'GO:0006638', 'GO:0006639', 'GO:0009058', 'GO:0009987', 'GO:0044237', 'GO:0046460', 'GO:0044255', 'GO:0071704', 'GO:0008150', 'GO:0008152', 'GO:0046339', 'GO:0044238', 'GO:0008610', 'GO:0045017', 'GO:1901576', 'GO:0046486', 'GO:0046463', 'GO:0044249'}"
GO:0006631,"{'GO:0006629', 'GO:0044238', 'GO:0006082', 'GO:0044281', 'GO:0032787', 'GO:0043436', 'GO:0009987', 'GO:0044237', 'GO:0019752', 'GO:0044255', 'GO:0071704', 'GO:0008150', 'GO:0008152'}"
GO:0006650,"{'GO:0006629', 'GO:0009987', 'GO:0044237', 'GO:0019637', 'GO:0044255', 'GO:0071704', 'GO:0006796', 'GO:0008150', 'GO:0006644', 'GO:0008152', 'GO:0044238', 'GO:0006793', 'GO:0046486'}"
GO:0034638,"{'GO:0006629', 'GO:0046475', 'GO:0009987', 'GO:0006807', 'GO:0019637', 'GO:0071704', 'GO:0006796', 'GO:0044255', 'GO:0044242', 'GO:0008150', 'GO:0006644', 'GO:0016042', 'GO:0006793', 'GO:0046486', 'GO:0009395', 'GO:0046470', 'GO:1901565', 'GO:0046503', 'GO:1901564', 'GO:0009056', 'GO:0046434', 'GO:0006650', 'GO:0044237', 'GO:0008152', 'GO:0044248', 'GO:0044238', 'GO:1901575'}"
GO:0046470,"{'GO:0006629', 'GO:0044238', 'GO:0006793', 'GO:0006650', 'GO:0009987', 'GO:0044237', 'GO:0046486', 'GO:0019637', 'GO:0006796', 'GO:0044255', 'GO:0071704', 'GO:0006807', 'GO:0008150', 'GO:0006644', 'GO:0008152', 'GO:1901564'}"
GO:0046338,"{'GO:0006629', 'GO:0046475', 'GO:0009987', 'GO:0019637', 'GO:0044255', 'GO:0006796', 'GO:0071704', 'GO:0044242', 'GO:0008150', 'GO:0006644', 'GO:0016042', 'GO:0006793', 'GO:0046486', 'GO:0009395', 'GO:0046503', 'GO:0009056', 'GO:0046434', 'GO:0006650', 'GO:0044237', 'GO:0008152', 'GO:0046337', 'GO:0044248', 'GO:0044238', 'GO:1901575'}"
GO:0016197,"{'GO:0051179', 'GO:0016192', 'GO:0051649', 'GO:0006810', 'GO:0051234', 'GO:0009987', 'GO:0046907', 'GO:0051641', 'GO:0008150'}"
GO:0034058,"{'GO:0006996', 'GO:0006906', 'GO:0009987', 'GO:0090174', 'GO:0061024', 'GO:0048284', 'GO:0016043', 'GO:0071840', 'GO:0016050', 'GO:0061025', 'GO:0008150'}"
GO:0032367,"{'GO:0015918', 'GO:0006820', 'GO:0051649', 'GO:0015850', 'GO:0051234', 'GO:0051641', 'GO:0009987', 'GO:0008150', 'GO:0032366', 'GO:0032365', 'GO:0006811', 'GO:0051179', 'GO:0006869', 'GO:0006810', 'GO:0030301', 'GO:0046907', 'GO:0071702'}"
GO:0061738,"{'GO:0044248', 'GO:0009056', 'GO:0009987', 'GO:0044237', 'GO:0006914', 'GO:0008150', 'GO:0008152', 'GO:0061919'}"
GO:0061952,"{'GO:1903047', 'GO:0022402', 'GO:0009987', 'GO:0061024', 'GO:1902410', 'GO:0016043', 'GO:0071840', 'GO:0008150', 'GO:0032506'}"
GO:0044878,"{'GO:0007346', 'GO:0051726', 'GO:0010972', 'GO:0065007', 'GO:0022402', 'GO:0009987', 'GO:1901988', 'GO:0045786', 'GO:0010948', 'GO:1901990', 'GO:0050794', 'GO:0010389', 'GO:0008150', 'GO:1901987', 'GO:0000075', 'GO:1903047', 'GO:0007093', 'GO:0045930', 'GO:0010564', 'GO:0048519', 'GO:1902749', 'GO:1902750', 'GO:0048523', 'GO:0050789', 'GO:1901991'}"
GO:0036258,"{'GO:0022607', 'GO:0006996', 'GO:0036257', 'GO:0070925', 'GO:0009987', 'GO:0016050', 'GO:0016043', 'GO:0071840', 'GO:0008150', 'GO:0007032'}"
GO:0032466,"{'GO:0051726', 'GO:0065007', 'GO:0050794', 'GO:0032465', 'GO:0048519', 'GO:0010564', 'GO:0045786', 'GO:0051302', 'GO:0048523', 'GO:0010948', 'GO:0050789', 'GO:0051782', 'GO:0008150'}"
GO:0006997,"{'GO:0009987', 'GO:0016043', 'GO:0071840', 'GO:0008150', 'GO:0006996'}"
GO:1903543,"{'GO:0051049', 'GO:0044089', 'GO:1903532', 'GO:0017157', 'GO:0065007', 'GO:0051050', 'GO:0051047', 'GO:0050794', 'GO:0008150', 'GO:1903541', 'GO:1903530', 'GO:0048522', 'GO:0045921', 'GO:0060627', 'GO:0044087', 'GO:0048518', 'GO:0032879', 'GO:0051046', 'GO:0050789'}"
GO:1903774,"{'GO:0048524', 'GO:1903772', 'GO:1903900', 'GO:1903902', 'GO:0065007', 'GO:0043903', 'GO:0048518', 'GO:0050792', 'GO:0050789', 'GO:0008150'}"
GO:1903902,"{'GO:0048524', 'GO:1903900', 'GO:0065007', 'GO:0043903', 'GO:0048518', 'GO:0050792', 'GO:0050789', 'GO:0008150'}"
GO:0048524,"{'GO:0050792', 'GO:0050789', 'GO:0065007', 'GO:0043903', 'GO:0008150', 'GO:0048518'}"
GO:1902188,"{'GO:1902186', 'GO:0048524', 'GO:1903900', 'GO:1903902', 'GO:0065007', 'GO:0043903', 'GO:0048518', 'GO:0050792', 'GO:0050789', 'GO:0008150'}"
GO:0006622,"{'GO:0006820', 'GO:0051649', 'GO:0033365', 'GO:0034613', 'GO:0061462', 'GO:0006886', 'GO:0051234', 'GO:0051641', 'GO:0009987', 'GO:0072666', 'GO:0070727', 'GO:0006605', 'GO:0015031', 'GO:0008150', 'GO:0072665', 'GO:0071705', 'GO:0007034', 'GO:0006811', 'GO:0051179', 'GO:0042886', 'GO:0006810', 'GO:0015833', 'GO:0045184', 'GO:0072594', 'GO:0007041', 'GO:0008104', 'GO:0046907', 'GO:0071702', 'GO:0006623', 'GO:0033036'}"
GO:1903076,"{'GO:0032880', 'GO:0065007', 'GO:0050794', 'GO:0060341', 'GO:0032879', 'GO:1904375', 'GO:1905475', 'GO:1903827', 'GO:0050789', 'GO:0008150'}"
GO:0043162,"{'GO:0019538', 'GO:0009056', 'GO:0006511', 'GO:0006807', 'GO:0009987', 'GO:0044237', 'GO:0071704', 'GO:0043170', 'GO:0019941', 'GO:0051603', 'GO:0008150', 'GO:0008152', 'GO:0009057', 'GO:0043632', 'GO:0044248', 'GO:0044238', 'GO:1901575', 'GO:0044260', 'GO:0006508', 'GO:0044265', 'GO:1901564'}"
GO:0090611,"{'GO:0044238', 'GO:0019538', 'GO:0006807', 'GO:0071704', 'GO:0006508', 'GO:0043170', 'GO:0051603', 'GO:0008150', 'GO:0008152', 'GO:1901564'}"
GO:0007033,"{'GO:0009987', 'GO:0016043', 'GO:0071840', 'GO:0008150', 'GO:0006996'}"
GO:0006900,"{'GO:0006996', 'GO:0009987', 'GO:0061024', 'GO:0016050', 'GO:0016043', 'GO:0071840', 'GO:0008150'}"
GO:0072319,"{'GO:0043624', 'GO:0022411', 'GO:0009987', 'GO:0016043', 'GO:0071840', 'GO:0043933', 'GO:0008150', 'GO:0051261', 'GO:0032984'}"
GO:0039702,"{'GO:0044403', 'GO:0016032', 'GO:0046755', 'GO:0008150', 'GO:0044419'}"
GO:0019076,"{'GO:0035890', 'GO:0044403', 'GO:0016032', 'GO:0052126', 'GO:0051701', 'GO:0044419', 'GO:0008150', 'GO:0035891'}"
GO:0043968,"{'GO:0043412', 'GO:0006475', 'GO:0019538', 'GO:0043543', 'GO:0006473', 'GO:0018394', 'GO:0006464', 'GO:0036211', 'GO:0006807', 'GO:0009987', 'GO:0044237', 'GO:0071704', 'GO:0071840', 'GO:0044267', 'GO:0043170', 'GO:0008150', 'GO:0018205', 'GO:0018393', 'GO:0008152', 'GO:0018193', 'GO:0016569', 'GO:0006325', 'GO:0044238', 'GO:0044260', 'GO:0016573', 'GO:0016043', 'GO:0016570', 'GO:1901564'}"
GO:0043967,"{'GO:0043412', 'GO:0006475', 'GO:0019538', 'GO:0043543', 'GO:0006473', 'GO:0018394', 'GO:0006464', 'GO:0036211', 'GO:0006807', 'GO:0009987', 'GO:0044237', 'GO:0071704', 'GO:0071840', 'GO:0044267', 'GO:0043170', 'GO:0008150', 'GO:0018205', 'GO:0018393', 'GO:0008152', 'GO:0018193', 'GO:0016569', 'GO:0006325', 'GO:0044238', 'GO:0044260', 'GO:0016573', 'GO:0016043', 'GO:0016570', 'GO:1901564'}"
GO:0040008,"{'GO:0050789', 'GO:0065007', 'GO:0008150'}"
GO:0090675,"{'GO:0008150', 'GO:0022610'}"
GO:0032532,"{'GO:0120035', 'GO:0031344', 'GO:0090066', 'GO:0065007', 'GO:0050794', 'GO:0065008', 'GO:0050789', 'GO:0032535', 'GO:0009987', 'GO:0032536', 'GO:0016043', 'GO:0071840', 'GO:0032530', 'GO:0051128', 'GO:0008150'}"
GO:0061400,"{'GO:1903508', 'GO:0006355', 'GO:0031323', 'GO:0009889', 'GO:2001141', 'GO:0065007', 'GO:1903506', 'GO:0010628', 'GO:0008150', 'GO:1902680', 'GO:0010557', 'GO:0048522', 'GO:0010468', 'GO:2000112', 'GO:1901522', 'GO:0031326', 'GO:0051254', 'GO:0031325', 'GO:0010556', 'GO:0050789', 'GO:0009893', 'GO:0031328', 'GO:0045935', 'GO:0051171', 'GO:0006357', 'GO:0019219', 'GO:0050794', 'GO:0051252', 'GO:0009891', 'GO:0051173', 'GO:0019222', 'GO:0010604', 'GO:0080090', 'GO:0045944', 'GO:0060255', 'GO:0048518', 'GO:0045893'}"
GO:0010811,"{'GO:0045785', 'GO:0048522', 'GO:0065007', 'GO:0048518', 'GO:0050789', 'GO:0010810', 'GO:0030155', 'GO:0050794', 'GO:0008150'}"
GO:0021510,"{'GO:0048513', 'GO:0048856', 'GO:0008150', 'GO:0032502'}"
GO:0050910,"{'GO:0009581', 'GO:0050906', 'GO:0003008', 'GO:0009605', 'GO:0050896', 'GO:0032501', 'GO:0009628', 'GO:0050982', 'GO:0009612', 'GO:0050974', 'GO:0008150', 'GO:0050877', 'GO:0051606', 'GO:0009582'}"
GO:0045184,"{'GO:0051179', 'GO:0051234', 'GO:0008104', 'GO:0033036', 'GO:0008150'}"
GO:0048839,"{'GO:0048856', 'GO:0008150', 'GO:0032502'}"
GO:0060122,"{'GO:0120036', 'GO:0009987', 'GO:0016043', 'GO:0031175', 'GO:0030030', 'GO:0071840', 'GO:0008150'}"
GO:0048496,"{'GO:0065007', 'GO:0045596', 'GO:0045595', 'GO:0048519', 'GO:0050789', 'GO:0050793', 'GO:0048523', 'GO:0051093', 'GO:0050794', 'GO:0008150'}"
GO:0007194,"{'GO:0045761', 'GO:0043086', 'GO:0065009', 'GO:0065007', 'GO:0044092', 'GO:0050790', 'GO:0031280', 'GO:0051350', 'GO:0031279', 'GO:0008150', 'GO:0051339'}"
GO:0050877,"{'GO:0008150', 'GO:0003008', 'GO:0032501'}"
GO:0030501,"{'GO:0051240', 'GO:0065007', 'GO:0030278', 'GO:0030500', 'GO:0050793', 'GO:0045778', 'GO:0051094', 'GO:0008150', 'GO:0110149', 'GO:0051239', 'GO:2000026', 'GO:0048518', 'GO:0070169', 'GO:0110151', 'GO:0070167', 'GO:0050789'}"
GO:0010739,"{'GO:0023056', 'GO:1902533', 'GO:0065007', 'GO:0010647', 'GO:0048583', 'GO:0009967', 'GO:0050794', 'GO:0008150', 'GO:0009966', 'GO:0048522', 'GO:0010738', 'GO:0048584', 'GO:0048518', 'GO:1902531', 'GO:0050789', 'GO:0010646', 'GO:0023051'}"
GO:0090037,"{'GO:0023056', 'GO:1902533', 'GO:0065007', 'GO:0010647', 'GO:0048583', 'GO:0009967', 'GO:0050794', 'GO:0008150', 'GO:0009966', 'GO:0048522', 'GO:0090036', 'GO:0048584', 'GO:0048518', 'GO:1902531', 'GO:0050789', 'GO:0010646', 'GO:0023051'}"
GO:0097264,"{'GO:0044238', 'GO:0019538', 'GO:0006807', 'GO:0071704', 'GO:0006508', 'GO:0043170', 'GO:0008150', 'GO:0008152', 'GO:1901564'}"
GO:0050953,"{'GO:0003008', 'GO:0007600', 'GO:0008150', 'GO:0050877', 'GO:0032501'}"
GO:0035660,"{'GO:0034142', 'GO:0002221', 'GO:0065007', 'GO:0002755', 'GO:0050789', 'GO:0009987', 'GO:0050794', 'GO:0007165', 'GO:0008150', 'GO:0002224'}"
GO:0002756,"{'GO:0065007', 'GO:0050794', 'GO:0050789', 'GO:0009987', 'GO:0002221', 'GO:0007165', 'GO:0008150', 'GO:0002224'}"
GO:1904469,"{'GO:0051240', 'GO:0001817', 'GO:0065007', 'GO:0032680', 'GO:1903555', 'GO:0010628', 'GO:0001819', 'GO:0008150', 'GO:0009893', 'GO:0019222', 'GO:0010468', 'GO:0051239', 'GO:0010604', 'GO:0060255', 'GO:0048518', 'GO:1903557', 'GO:0050789'}"
GO:0016055,"{'GO:1905114', 'GO:0065007', 'GO:0050794', 'GO:0009987', 'GO:0050789', 'GO:0007165', 'GO:0007166', 'GO:0008150'}"
GO:0032781,"{'GO:0051336', 'GO:0043085', 'GO:0065009', 'GO:0065007', 'GO:0050790', 'GO:0044093', 'GO:0051345', 'GO:0043462', 'GO:0008150'}"
GO:0009988,"{'GO:0009987', 'GO:0008037', 'GO:0008150'}"
GO:0034198,"{'GO:0009991', 'GO:0031668', 'GO:0042594', 'GO:0050896', 'GO:0009987', 'GO:0051716', 'GO:0071496', 'GO:0008150', 'GO:0033554', 'GO:0009605', 'GO:0031669', 'GO:1990928', 'GO:0031667', 'GO:0006950', 'GO:0009267', 'GO:0007154'}"
GO:0071732,"{'GO:0034599', 'GO:0050896', 'GO:1901700', 'GO:0010035', 'GO:0009987', 'GO:1901699', 'GO:0051716', 'GO:1902170', 'GO:0008150', 'GO:0062197', 'GO:1901698', 'GO:0071241', 'GO:0042221', 'GO:0034614', 'GO:0071731', 'GO:0070887', 'GO:1901701', 'GO:0000302', 'GO:0006979', 'GO:0006950', 'GO:0033554'}"
GO:0034614,"{'GO:0034599', 'GO:1901700', 'GO:0050896', 'GO:0009987', 'GO:0051716', 'GO:0008150', 'GO:0062197', 'GO:0042221', 'GO:0070887', 'GO:1901701', 'GO:0000302', 'GO:0006979', 'GO:0006950', 'GO:0033554'}"
GO:0048263,"{'GO:0009953', 'GO:0003002', 'GO:0007389', 'GO:0008150', 'GO:0032501'}"
GO:0007254,"{'GO:0065007', 'GO:0035556', 'GO:0031098', 'GO:0050896', 'GO:0050794', 'GO:0009987', 'GO:0000165', 'GO:0051403', 'GO:0051716', 'GO:0050789', 'GO:0007165', 'GO:0008150', 'GO:0006950', 'GO:0033554'}"
GO:0007258,"{'GO:0016310', 'GO:0043412', 'GO:0019538', 'GO:0006464', 'GO:0009987', 'GO:0044237', 'GO:0036211', 'GO:0006807', 'GO:0071704', 'GO:0006796', 'GO:0044267', 'GO:0043170', 'GO:0008150', 'GO:0008152', 'GO:0044238', 'GO:0044260', 'GO:0006468', 'GO:0006793', 'GO:1901564'}"
GO:0032091,"{'GO:0051100', 'GO:0043393', 'GO:0065009', 'GO:0065007', 'GO:0044092', 'GO:0051098', 'GO:0008150'}"
GO:0001764,"{'GO:0048870', 'GO:0006928', 'GO:0009987', 'GO:0040011', 'GO:0008150', 'GO:0016477'}"
GO:0097150,"{'GO:0098727', 'GO:0032502', 'GO:0019827', 'GO:0008150', 'GO:0032501'}"
GO:0001503,"{'GO:0008150', 'GO:0032501'}"
GO:2001235,"{'GO:0023056', 'GO:0065007', 'GO:0010647', 'GO:0048583', 'GO:0043067', 'GO:0009967', 'GO:0050794', 'GO:0008150', 'GO:0042981', 'GO:0009966', 'GO:0010941', 'GO:0048522', 'GO:2001233', 'GO:0048584', 'GO:0043065', 'GO:0010942', 'GO:0048518', 'GO:0043068', 'GO:0050789', 'GO:0010646', 'GO:0023051'}"
GO:0010666,"{'GO:0010665', 'GO:0065007', 'GO:0043067', 'GO:0010662', 'GO:0050794', 'GO:0042981', 'GO:0010941', 'GO:0008150', 'GO:0010660', 'GO:0010663', 'GO:0048522', 'GO:0043065', 'GO:0010661', 'GO:0010942', 'GO:0048518', 'GO:0043068', 'GO:0050789'}"
GO:0031281,"{'GO:0043085', 'GO:0065009', 'GO:0065007', 'GO:0050790', 'GO:0044093', 'GO:0031279', 'GO:0008150'}"
GO:0090045,"{'GO:0051336', 'GO:0043085', 'GO:0065009', 'GO:0065007', 'GO:0050790', 'GO:0150065', 'GO:0044093', 'GO:0051345', 'GO:0008150'}"
GO:2000017,"{'GO:2000015', 'GO:0051239', 'GO:0065007', 'GO:0051240', 'GO:0048518', 'GO:0050793', 'GO:0050789', 'GO:0051094', 'GO:0008150'}"
GO:0045740,"{'GO:0031323', 'GO:0009889', 'GO:0065007', 'GO:0050794', 'GO:0008150', 'GO:0009891', 'GO:0009893', 'GO:0010557', 'GO:0048522', 'GO:0019222', 'GO:0010604', 'GO:2000112', 'GO:0060255', 'GO:0048518', 'GO:0006275', 'GO:0031326', 'GO:0031325', 'GO:0010556', 'GO:0050789', 'GO:0031328'}"
GO:0034352,"{'GO:0048522', 'GO:0010941', 'GO:0065007', 'GO:0043065', 'GO:0010942', 'GO:0048518', 'GO:0050789', 'GO:0043068', 'GO:0043067', 'GO:0050794', 'GO:0034350', 'GO:0042981', 'GO:0008150'}"
GO:0002052,"{'GO:0045597', 'GO:2000179', 'GO:0060284', 'GO:0051240', 'GO:0065007', 'GO:1902692', 'GO:0050769', 'GO:0051962', 'GO:0050793', 'GO:0010720', 'GO:0050794', 'GO:0008150', 'GO:0051094', 'GO:0042127', 'GO:0048522', 'GO:0051239', 'GO:0045595', 'GO:2000177', 'GO:2000026', 'GO:0048518', 'GO:0051960', 'GO:0050789', 'GO:0008284', 'GO:0050767'}"
GO:0043525,"{'GO:0065007', 'GO:0043067', 'GO:0050794', 'GO:0042981', 'GO:0010941', 'GO:0008150', 'GO:1901214', 'GO:1901216', 'GO:0048522', 'GO:0043065', 'GO:0010942', 'GO:0048518', 'GO:0043523', 'GO:0043068', 'GO:0050789'}"
GO:2001224,"{'GO:0040012', 'GO:0065007', 'GO:0051270', 'GO:0051272', 'GO:0050794', 'GO:2000147', 'GO:0008150', 'GO:0048522', 'GO:0030335', 'GO:0040017', 'GO:0032879', 'GO:0048518', 'GO:0050789', 'GO:2000145', 'GO:0030334', 'GO:2001222'}"
GO:0071803,"{'GO:1902117', 'GO:0044089', 'GO:0065007', 'GO:0051130', 'GO:0043254', 'GO:1902115', 'GO:0050794', 'GO:0008150', 'GO:0048522', 'GO:0010638', 'GO:0071801', 'GO:0044087', 'GO:0048518', 'GO:0033043', 'GO:0051128', 'GO:0050789', 'GO:0031334'}"
GO:0051247,"{'GO:0051173', 'GO:0051171', 'GO:0019222', 'GO:0010604', 'GO:0080090', 'GO:0065007', 'GO:0060255', 'GO:0048518', 'GO:0051246', 'GO:0050789', 'GO:0008150', 'GO:0009893'}"
GO:0031398,"{'GO:0031323', 'GO:0065007', 'GO:0051247', 'GO:0008150', 'GO:0048522', 'GO:0031325', 'GO:0050789', 'GO:0032270', 'GO:0009893', 'GO:0031396', 'GO:0051171', 'GO:0031401', 'GO:0032268', 'GO:0050794', 'GO:0051173', 'GO:0019222', 'GO:1903322', 'GO:0010604', 'GO:0080090', 'GO:0031399', 'GO:0060255', 'GO:0048518', 'GO:0051246', 'GO:1903320'}"
GO:1901485,"{'GO:0031323', 'GO:0065007', 'GO:0009894', 'GO:1901483', 'GO:0031331', 'GO:0051247', 'GO:0031329', 'GO:0061136', 'GO:2000058', 'GO:0008150', 'GO:0045862', 'GO:0048522', 'GO:1901800', 'GO:0031325', 'GO:0032270', 'GO:0050789', 'GO:0009893', 'GO:1903362', 'GO:0051171', 'GO:0042176', 'GO:0032436', 'GO:0032268', 'GO:0050794', 'GO:0032434', 'GO:0009896', 'GO:1903364', 'GO:1903052', 'GO:0051173', 'GO:0019222', 'GO:0030162', 'GO:0010604', 'GO:0080090', 'GO:0045732', 'GO:0060255', 'GO:0048518', 'GO:1903050', 'GO:0051246', 'GO:2000060'}"
GO:0097300,"{'GO:0009987', 'GO:0070265', 'GO:0012501', 'GO:0008150', 'GO:0008219'}"
GO:0061833,"{'GO:1902414', 'GO:0008104', 'GO:0051179', 'GO:0033036', 'GO:0008150', 'GO:0150105'}"
GO:0046605,"{'GO:0051726', 'GO:0032886', 'GO:0065007', 'GO:0010564', 'GO:0050789', 'GO:0051128', 'GO:0050794', 'GO:0008150'}"
GO:1904809,"{'GO:0051049', 'GO:1903649', 'GO:0065007', 'GO:0050794', 'GO:0060341', 'GO:0032879', 'GO:0032386', 'GO:0050789', 'GO:0008150'}"
GO:1902595,"{'GO:0051101', 'GO:0065009', 'GO:0051098', 'GO:0065007', 'GO:0008150'}"
GO:0045664,"{'GO:0050793', 'GO:0065007', 'GO:0050789', 'GO:0045595', 'GO:0050794', 'GO:0008150'}"
GO:0046686,"{'GO:0010038', 'GO:0042221', 'GO:0050896', 'GO:0008150', 'GO:0010035'}"
GO:0009408,"{'GO:0009266', 'GO:0050896', 'GO:0009628', 'GO:0008150', 'GO:0006950'}"
GO:0009612,"{'GO:0009628', 'GO:0009605', 'GO:0008150', 'GO:0050896'}"
GO:0006970,"{'GO:0009628', 'GO:0008150', 'GO:0006950', 'GO:0050896'}"
GO:0009411,"{'GO:0009628', 'GO:0008150', 'GO:0009314', 'GO:0050896', 'GO:0009416'}"
GO:0048511,{'GO:0008150'}
GO:0051403,"{'GO:0065007', 'GO:0035556', 'GO:0050896', 'GO:0050789', 'GO:0009987', 'GO:0000165', 'GO:0051716', 'GO:0031098', 'GO:0050794', 'GO:0007165', 'GO:0008150', 'GO:0006950', 'GO:0033554'}"
GO:0097050,"{'GO:0009987', 'GO:1904019', 'GO:0012501', 'GO:0008150', 'GO:0008219', 'GO:0006915'}"
GO:0044255,"{'GO:0006629', 'GO:0044238', 'GO:0009987', 'GO:0044237', 'GO:0071704', 'GO:0008150', 'GO:0008152'}"
GO:0051792,"{'GO:0006629', 'GO:0009058', 'GO:0032787', 'GO:0072330', 'GO:0009987', 'GO:0044237', 'GO:0046394', 'GO:0071704', 'GO:0044255', 'GO:0008150', 'GO:0008152', 'GO:0044238', 'GO:0051791', 'GO:0008610', 'GO:0006082', 'GO:0044281', 'GO:0016053', 'GO:0043436', 'GO:0006631', 'GO:1901576', 'GO:0044249', 'GO:0044283', 'GO:0019752', 'GO:0006633'}"
GO:0051793,"{'GO:0006629', 'GO:0032787', 'GO:0046395', 'GO:0009987', 'GO:0044255', 'GO:0071704', 'GO:0044242', 'GO:0008150', 'GO:0016042', 'GO:0051791', 'GO:0006082', 'GO:0044282', 'GO:0019752', 'GO:0016054', 'GO:0009056', 'GO:0044237', 'GO:0008152', 'GO:0072329', 'GO:0044248', 'GO:0044238', 'GO:0009062', 'GO:0044281', 'GO:1901575', 'GO:0043436', 'GO:0006631'}"
GO:0009062,"{'GO:0006629', 'GO:0016054', 'GO:0009056', 'GO:0046395', 'GO:0032787', 'GO:0009987', 'GO:0044237', 'GO:0071704', 'GO:0044255', 'GO:0044242', 'GO:0008150', 'GO:0008152', 'GO:0016042', 'GO:0072329', 'GO:0044248', 'GO:0044238', 'GO:0006082', 'GO:0044281', 'GO:1901575', 'GO:0043436', 'GO:0006631', 'GO:0044282', 'GO:0019752'}"
GO:0000266,"{'GO:0007005', 'GO:0048285', 'GO:0006996', 'GO:0009987', 'GO:0016043', 'GO:0071840', 'GO:0008150'}"
GO:0046473,"{'GO:0006629', 'GO:0044238', 'GO:0006793', 'GO:0006650', 'GO:0009987', 'GO:0044237', 'GO:0046486', 'GO:0019637', 'GO:0006796', 'GO:0044255', 'GO:0071704', 'GO:0008150', 'GO:0006644', 'GO:0008152'}"
GO:0120162,"{'GO:0120161', 'GO:0019222', 'GO:0051239', 'GO:0065007', 'GO:0051240', 'GO:0065008', 'GO:0048518', 'GO:0050789', 'GO:0009893', 'GO:0008150'}"
GO:0031065,"{'GO:0031323', 'GO:0065007', 'GO:0051247', 'GO:0031063', 'GO:0008150', 'GO:0090311', 'GO:0048522', 'GO:0010638', 'GO:0031058', 'GO:0031056', 'GO:2001252', 'GO:0033043', 'GO:1902275', 'GO:0090312', 'GO:0031325', 'GO:0009893', 'GO:0032270', 'GO:0050789', 'GO:1905269', 'GO:0033044', 'GO:0051171', 'GO:0031401', 'GO:0051130', 'GO:0032268', 'GO:0050794', 'GO:0051173', 'GO:0019222', 'GO:0010604', 'GO:0080090', 'GO:0031399', 'GO:0060255', 'GO:0048518', 'GO:0051246', 'GO:0051128'}"
GO:0045598,"{'GO:0050793', 'GO:0065007', 'GO:0050789', 'GO:0045595', 'GO:0050794', 'GO:0008150'}"
GO:0031529,"{'GO:0120036', 'GO:0009987', 'GO:0016043', 'GO:0030030', 'GO:0071840', 'GO:0008150'}"
GO:0019432,"{'GO:0006629', 'GO:0006638', 'GO:0006641', 'GO:0006639', 'GO:0009058', 'GO:0009987', 'GO:0044237', 'GO:0046460', 'GO:0044255', 'GO:0071704', 'GO:0008150', 'GO:0008152', 'GO:0044238', 'GO:0008610', 'GO:0045017', 'GO:1901576', 'GO:0046486', 'GO:0046463', 'GO:0044249'}"
GO:0006642,"{'GO:0006629', 'GO:0044238', 'GO:0006638', 'GO:0006641', 'GO:0006639', 'GO:0009987', 'GO:0044237', 'GO:0046486', 'GO:0044255', 'GO:0071704', 'GO:0008150', 'GO:0008152'}"
GO:0007062,"{'GO:0009987', 'GO:0016043', 'GO:0071840', 'GO:0022402', 'GO:0008150', 'GO:0051276', 'GO:0006996'}"
GO:0097352,"{'GO:0022411', 'GO:0009987', 'GO:0016043', 'GO:0071840', 'GO:0043933', 'GO:0008150', 'GO:0032984'}"
GO:0008333,"{'GO:0007034', 'GO:0051179', 'GO:0016192', 'GO:0051649', 'GO:0006810', 'GO:0051234', 'GO:0009987', 'GO:0046907', 'GO:0051641', 'GO:0007041', 'GO:0008150'}"
GO:0006886,"{'GO:0006820', 'GO:0051649', 'GO:0051234', 'GO:0051641', 'GO:0009987', 'GO:0015031', 'GO:0008150', 'GO:0071705', 'GO:0006811', 'GO:0051179', 'GO:0042886', 'GO:0006810', 'GO:0015833', 'GO:0045184', 'GO:0008104', 'GO:0046907', 'GO:0071702', 'GO:0033036'}"
GO:0035542,"{'GO:0050794', 'GO:0043254', 'GO:0051128', 'GO:0050789', 'GO:0065007', 'GO:0044087', 'GO:0008150'}"
GO:0032889,"{'GO:0033043', 'GO:0051128', 'GO:0050794', 'GO:0065007', 'GO:0044088', 'GO:0008150', 'GO:0050789'}"
GO:0046718,"{'GO:0044409', 'GO:0044403', 'GO:0052126', 'GO:0008150', 'GO:0051701', 'GO:0044419'}"
GO:0007420,"{'GO:0048513', 'GO:0048856', 'GO:0008150', 'GO:0032502'}"
GO:0031122,"{'GO:0097435', 'GO:0000226', 'GO:0006996', 'GO:0007010', 'GO:0009987', 'GO:0016043', 'GO:0071840', 'GO:0007017', 'GO:0008150'}"
GO:0051415,"{'GO:0000226', 'GO:0051418', 'GO:0006996', 'GO:0007010', 'GO:0009987', 'GO:0016043', 'GO:0071840', 'GO:0007017', 'GO:0007020', 'GO:0008150'}"
GO:0051225,"{'GO:0000226', 'GO:0022607', 'GO:0006996', 'GO:0022402', 'GO:0009987', 'GO:0071840', 'GO:0007051', 'GO:0008150', 'GO:0070925', 'GO:0007010', 'GO:0016043', 'GO:0007017'}"
GO:0000017,"{'GO:1901656', 'GO:0006811', 'GO:0006820', 'GO:0051179', 'GO:0006810', 'GO:0042946', 'GO:0051234', 'GO:0071702', 'GO:1901264', 'GO:0008150'}"
GO:0098708,"{'GO:0006820', 'GO:0055085', 'GO:0008645', 'GO:0008643', 'GO:0046323', 'GO:0051234', 'GO:0009987', 'GO:0098704', 'GO:0098657', 'GO:0034220', 'GO:0098656', 'GO:0008150', 'GO:0006811', 'GO:0051179', 'GO:0098739', 'GO:0006810', 'GO:1904659', 'GO:0071702', 'GO:0140271', 'GO:0015749', 'GO:0034219'}"
GO:1904659,"{'GO:0006811', 'GO:0006820', 'GO:0051179', 'GO:0006810', 'GO:0055085', 'GO:0008645', 'GO:0008643', 'GO:0051234', 'GO:0009987', 'GO:0071702', 'GO:0034220', 'GO:0098656', 'GO:0015749', 'GO:0008150', 'GO:0034219'}"
GO:0036359,"{'GO:0003008', 'GO:0007588', 'GO:0032501', 'GO:0003014', 'GO:0008150'}"
GO:0098719,"{'GO:0098659', 'GO:0098660', 'GO:0055085', 'GO:0006814', 'GO:0098657', 'GO:0051234', 'GO:0009987', 'GO:0034220', 'GO:0008150', 'GO:0006811', 'GO:0051179', 'GO:0098739', 'GO:0099587', 'GO:0006810', 'GO:0098662', 'GO:0035725', 'GO:0006812', 'GO:0098655'}"
GO:0006814,"{'GO:0051234', 'GO:0006811', 'GO:0051179', 'GO:0006810', 'GO:0008150', 'GO:0006812'}"
GO:0002098,"{'GO:0002097', 'GO:0043412', 'GO:0016070', 'GO:1901360', 'GO:0034470', 'GO:0009987', 'GO:0044237', 'GO:0006807', 'GO:0006725', 'GO:0071704', 'GO:0090304', 'GO:0009451', 'GO:0008033', 'GO:0043170', 'GO:0008150', 'GO:0008152', 'GO:0044238', 'GO:0006399', 'GO:0034641', 'GO:0006396', 'GO:0034660', 'GO:0006400', 'GO:0046483', 'GO:0006139'}"
GO:0070899,"{'GO:0002097', 'GO:0016070', 'GO:1901360', 'GO:0009987', 'GO:0006807', 'GO:0006725', 'GO:0071704', 'GO:0090304', 'GO:0010467', 'GO:1900864', 'GO:0008033', 'GO:0008150', 'GO:0034641', 'GO:0006396', 'GO:0034660', 'GO:0046483', 'GO:0140053', 'GO:0006139', 'GO:0043412', 'GO:0000959', 'GO:0070900', 'GO:0034470', 'GO:0070525', 'GO:0044237', 'GO:0000963', 'GO:0009451', 'GO:0043170', 'GO:0008152', 'GO:0044238', 'GO:0006399', 'GO:0006400', 'GO:0002098', 'GO:0090646'}"
GO:0009435,"{'GO:1901360', 'GO:0090407', 'GO:0019438', 'GO:0009058', 'GO:0072524', 'GO:0009987', 'GO:0006807', 'GO:0019637', 'GO:0006725', 'GO:0071704', 'GO:0006796', 'GO:0072525', 'GO:0008150', 'GO:0019359', 'GO:1901362', 'GO:0034641', 'GO:1901293', 'GO:0006793', 'GO:1901576', 'GO:0019363', 'GO:0046483', 'GO:0055086', 'GO:0009117', 'GO:0006139', 'GO:1901564', 'GO:0034654', 'GO:0044237', 'GO:0044271', 'GO:0009165', 'GO:1901566', 'GO:0008152', 'GO:0019362', 'GO:0018130', 'GO:0044238', 'GO:0044281', 'GO:0006753', 'GO:0046496', 'GO:0044249'}"
GO:0009611,"{'GO:0008150', 'GO:0006950', 'GO:0050896'}"
GO:0005979,"{'GO:0032885', 'GO:0031323', 'GO:0009889', 'GO:0065007', 'GO:0043467', 'GO:0010962', 'GO:0070873', 'GO:0008150', 'GO:0006109', 'GO:2000112', 'GO:0031326', 'GO:0032881', 'GO:0010556', 'GO:0050789', 'GO:0010675', 'GO:0050794', 'GO:0019222', 'GO:0080090', 'GO:0060255', 'GO:0043255', 'GO:0010906', 'GO:0062012'}"
GO:0043046,"{'GO:0043412', 'GO:1901360', 'GO:0022414', 'GO:0032259', 'GO:0022412', 'GO:0009987', 'GO:0044237', 'GO:0006807', 'GO:0006725', 'GO:0071704', 'GO:0090304', 'GO:0043170', 'GO:0008150', 'GO:0008152', 'GO:0006304', 'GO:0044238', 'GO:0034641', 'GO:0044260', 'GO:0044728', 'GO:0006306', 'GO:0006305', 'GO:0046483', 'GO:0006139', 'GO:0043414', 'GO:0006259'}"
GO:0007140,"{'GO:0140013', 'GO:0022414', 'GO:0048285', 'GO:0006996', 'GO:0022402', 'GO:0022412', 'GO:0009987', 'GO:0016043', 'GO:0071840', 'GO:1903046', 'GO:0008150', 'GO:0000280'}"
GO:0045786,"{'GO:0051726', 'GO:0065007', 'GO:0050794', 'GO:0048519', 'GO:0048523', 'GO:0050789', 'GO:0008150'}"
GO:0034587,"{'GO:0016070', 'GO:1901360', 'GO:0009987', 'GO:0044237', 'GO:0006807', 'GO:0006725', 'GO:0071704', 'GO:0090304', 'GO:0043170', 'GO:0008150', 'GO:0008152', 'GO:0044238', 'GO:0034641', 'GO:0034660', 'GO:0046483', 'GO:0006139'}"
GO:0035194,"{'GO:0065007', 'GO:0009987', 'GO:0010629', 'GO:0016441', 'GO:0008150', 'GO:0016458', 'GO:0031047', 'GO:0019222', 'GO:0010468', 'GO:0060255', 'GO:0048519', 'GO:0010605', 'GO:0010608', 'GO:0050789', 'GO:0009892'}"
GO:0071333,"{'GO:0071310', 'GO:0034284', 'GO:0033500', 'GO:0065007', 'GO:0010033', 'GO:0009987', 'GO:0008150', 'GO:0071322', 'GO:0042221', 'GO:0070887', 'GO:0001678', 'GO:0071331', 'GO:0009749', 'GO:0071326', 'GO:0019725', 'GO:0065008', 'GO:1901700', 'GO:0050896', 'GO:0051716', 'GO:0009743', 'GO:0042592', 'GO:0042593', 'GO:0048878', 'GO:1901701', 'GO:0055082', 'GO:0009746'}"
GO:0097009,"{'GO:0042592', 'GO:0065008', 'GO:0065007', 'GO:0008150', 'GO:0048871', 'GO:0032501'}"
GO:0055089,"{'GO:0048878', 'GO:0042592', 'GO:0055088', 'GO:0065007', 'GO:0008150', 'GO:0065008'}"
GO:0042593,"{'GO:0048878', 'GO:0042592', 'GO:0033500', 'GO:0065007', 'GO:0008150', 'GO:0065008'}"
GO:0010255,"{'GO:0065007', 'GO:0050794', 'GO:0009987', 'GO:0009757', 'GO:0050789', 'GO:0007165', 'GO:0010182', 'GO:0008150', 'GO:0009756'}"
GO:0090324,"{'GO:1903579', 'GO:0042326', 'GO:0031323', 'GO:0065007', 'GO:0043467', 'GO:0019220', 'GO:0042325', 'GO:0002082', 'GO:0050794', 'GO:0008150', 'GO:1903578', 'GO:0010563', 'GO:0045936', 'GO:0019222', 'GO:0048519', 'GO:0050789', 'GO:0048523', 'GO:0031324', 'GO:0051174', 'GO:0009892'}"
GO:0033137,"{'GO:0042326', 'GO:0031323', 'GO:0065007', 'GO:0019220', 'GO:0042325', 'GO:0031400', 'GO:0001933', 'GO:0008150', 'GO:0051172', 'GO:0045936', 'GO:0048523', 'GO:0031324', 'GO:0050789', 'GO:0033135', 'GO:0051171', 'GO:0032269', 'GO:0032268', 'GO:0050794', 'GO:0010563', 'GO:0019222', 'GO:0001932', 'GO:0080090', 'GO:0031399', 'GO:0060255', 'GO:0048519', 'GO:0051246', 'GO:0051248', 'GO:0010605', 'GO:0051174', 'GO:0009892'}"
GO:0045723,"{'GO:0019216', 'GO:0031323', 'GO:0009889', 'GO:0065007', 'GO:0046890', 'GO:0019217', 'GO:0050794', 'GO:0010565', 'GO:0008150', 'GO:0009891', 'GO:0062013', 'GO:0009893', 'GO:0045834', 'GO:0048522', 'GO:0019222', 'GO:0080090', 'GO:0042304', 'GO:0048518', 'GO:0045923', 'GO:0031326', 'GO:0046889', 'GO:0031325', 'GO:0050789', 'GO:0031328', 'GO:0062012'}"
GO:0045821,"{'GO:0010562', 'GO:0031323', 'GO:1900544', 'GO:0065007', 'GO:0009894', 'GO:0043467', 'GO:0043470', 'GO:0031331', 'GO:0019220', 'GO:1900542', 'GO:0042325', 'GO:0031329', 'GO:0008150', 'GO:0062013', 'GO:0048522', 'GO:0006109', 'GO:0006110', 'GO:0031325', 'GO:0062012', 'GO:0045935', 'GO:0009893', 'GO:0050789', 'GO:0042327', 'GO:0051171', 'GO:0045981', 'GO:1903580', 'GO:0006140', 'GO:0019219', 'GO:0050794', 'GO:1903578', 'GO:0009896', 'GO:0051173', 'GO:0019222', 'GO:0080090', 'GO:0045913', 'GO:0048518', 'GO:0045937', 'GO:0051174'}"
GO:0046889,"{'GO:0045834', 'GO:0019216', 'GO:0019222', 'GO:0009889', 'GO:0080090', 'GO:0065007', 'GO:0048518', 'GO:0046890', 'GO:0050789', 'GO:0008150', 'GO:0009891', 'GO:0009893'}"
GO:0006110,"{'GO:0051171', 'GO:0031323', 'GO:0043467', 'GO:0065007', 'GO:0043470', 'GO:0019220', 'GO:1900542', 'GO:0009894', 'GO:0006140', 'GO:0042325', 'GO:0019219', 'GO:0050794', 'GO:0008150', 'GO:1903578', 'GO:0019222', 'GO:0006109', 'GO:0080090', 'GO:0062012', 'GO:0050789', 'GO:0051174'}"
GO:0009749,"{'GO:0042221', 'GO:0034284', 'GO:1901700', 'GO:0050896', 'GO:0010033', 'GO:0009743', 'GO:0009746', 'GO:0008150'}"
GO:0099641,"{'GO:0008088', 'GO:0051649', 'GO:0030705', 'GO:0006886', 'GO:0009987', 'GO:0010970', 'GO:0015031', 'GO:0035418', 'GO:0008150', 'GO:0071705', 'GO:0006928', 'GO:0099118', 'GO:0006811', 'GO:0006810', 'GO:0071702', 'GO:0008089', 'GO:0099640', 'GO:0006820', 'GO:0033036', 'GO:0098930', 'GO:0051234', 'GO:0051641', 'GO:1905383', 'GO:0099111', 'GO:1902414', 'GO:0051179', 'GO:0042886', 'GO:0015833', 'GO:0045184', 'GO:0046907', 'GO:0008104', 'GO:0007017', 'GO:0007018', 'GO:0098840'}"
GO:0071985,"{'GO:0051234', 'GO:0009987', 'GO:0051179', 'GO:0016192', 'GO:0006810', 'GO:0008150'}"
GO:0017157,"{'GO:0051049', 'GO:1903530', 'GO:0060627', 'GO:0065007', 'GO:0050794', 'GO:0032879', 'GO:0051046', 'GO:0050789', 'GO:0008150'}"
GO:0048488,"{'GO:0006897', 'GO:0051179', 'GO:0016192', 'GO:0051649', 'GO:0006810', 'GO:0051234', 'GO:0009987', 'GO:0140238', 'GO:0008150', 'GO:0099003'}"
GO:1990120,"{'GO:0071826', 'GO:0022618', 'GO:0022607', 'GO:0009987', 'GO:0034622', 'GO:0016043', 'GO:0071840', 'GO:0043933', 'GO:0065003', 'GO:0008150'}"
GO:0110104,"{'GO:0051171', 'GO:0019222', 'GO:0031323', 'GO:0080090', 'GO:0065007', 'GO:0050794', 'GO:0060255', 'GO:0050684', 'GO:1900363', 'GO:0019219', 'GO:0050789', 'GO:0031440', 'GO:0051252', 'GO:0008150', 'GO:1903311'}"
GO:0006379,"{'GO:0016070', 'GO:1901360', 'GO:0016071', 'GO:0009987', 'GO:0044237', 'GO:0006807', 'GO:0006725', 'GO:0071704', 'GO:0090304', 'GO:0043170', 'GO:0008150', 'GO:0008152', 'GO:0044238', 'GO:0090501', 'GO:0034641', 'GO:0090305', 'GO:0046483', 'GO:0006139'}"
GO:0006378,"{'GO:0016070', 'GO:1901360', 'GO:0016071', 'GO:0009987', 'GO:0044237', 'GO:0031124', 'GO:0006807', 'GO:0006725', 'GO:0071704', 'GO:0090304', 'GO:0043170', 'GO:0008150', 'GO:0008152', 'GO:0044238', 'GO:0006397', 'GO:0034641', 'GO:0006396', 'GO:0043631', 'GO:0031123', 'GO:0046483', 'GO:0006139'}"
GO:0006397,"{'GO:0016070', 'GO:1901360', 'GO:0016071', 'GO:0009987', 'GO:0044237', 'GO:0006807', 'GO:0006725', 'GO:0071704', 'GO:0090304', 'GO:0043170', 'GO:0008150', 'GO:0008152', 'GO:0044238', 'GO:0034641', 'GO:0006396', 'GO:0046483', 'GO:0006139'}"
GO:0031439,"{'GO:0031323', 'GO:0065007', 'GO:0008150', 'GO:1903313', 'GO:0048522', 'GO:0031437', 'GO:0051254', 'GO:0031325', 'GO:0045935', 'GO:0050789', 'GO:0009893', 'GO:1903311', 'GO:0051171', 'GO:0019219', 'GO:0050794', 'GO:0051252', 'GO:0051173', 'GO:0019222', 'GO:0010604', 'GO:0080090', 'GO:0060255', 'GO:0048518'}"
GO:1900365,"{'GO:0031323', 'GO:0065007', 'GO:0031442', 'GO:0008150', 'GO:1903313', 'GO:0048522', 'GO:0050684', 'GO:0051254', 'GO:0031325', 'GO:0045935', 'GO:0050789', 'GO:0009893', 'GO:1903311', 'GO:0051171', 'GO:0050685', 'GO:1900363', 'GO:0019219', 'GO:0050794', 'GO:0031440', 'GO:0051252', 'GO:0051173', 'GO:0019222', 'GO:0010604', 'GO:0080090', 'GO:0060255', 'GO:0048518'}"
GO:2000975,"{'GO:0045597', 'GO:0065007', 'GO:2000973', 'GO:0050793', 'GO:1905458', 'GO:1901534', 'GO:0050794', 'GO:0008150', 'GO:0051094', 'GO:0048522', 'GO:1901532', 'GO:0045595', 'GO:0048518', 'GO:1905456', 'GO:0050789'}"
GO:2000738,"{'GO:0045597', 'GO:0048522', 'GO:0045595', 'GO:0065007', 'GO:2000736', 'GO:0048518', 'GO:0050789', 'GO:0050793', 'GO:0050794', 'GO:0051094', 'GO:0008150'}"
GO:0098789,"{'GO:0016070', 'GO:1901360', 'GO:0006379', 'GO:0016071', 'GO:0009987', 'GO:0044237', 'GO:0006807', 'GO:0006725', 'GO:0071704', 'GO:0090304', 'GO:0043170', 'GO:0008150', 'GO:0008152', 'GO:0044238', 'GO:0090501', 'GO:0034641', 'GO:0090305', 'GO:0098787', 'GO:0046483', 'GO:0006139'}"
GO:0051290,"{'GO:0051259', 'GO:0022607', 'GO:0051291', 'GO:0051262', 'GO:0009987', 'GO:0016043', 'GO:0071840', 'GO:0043933', 'GO:0065003', 'GO:0008150'}"
GO:0051262,"{'GO:0051259', 'GO:0022607', 'GO:0009987', 'GO:0016043', 'GO:0071840', 'GO:0043933', 'GO:0065003', 'GO:0008150'}"
GO:0016445,"{'GO:0002200', 'GO:0002376', 'GO:0008150'}"
GO:0071805,"{'GO:0006811', 'GO:0006813', 'GO:0051179', 'GO:0098660', 'GO:0006810', 'GO:0055085', 'GO:0098662', 'GO:0051234', 'GO:0009987', 'GO:0034220', 'GO:0008150', 'GO:0006812', 'GO:0098655'}"
GO:0034470,"{'GO:0016070', 'GO:1901360', 'GO:0009987', 'GO:0044237', 'GO:0006807', 'GO:0006725', 'GO:0071704', 'GO:0090304', 'GO:0043170', 'GO:0008150', 'GO:0008152', 'GO:0044238', 'GO:0034641', 'GO:0006396', 'GO:0034660', 'GO:0046483', 'GO:0006139'}"
GO:0008380,"{'GO:0016070', 'GO:1901360', 'GO:0009987', 'GO:0044237', 'GO:0006807', 'GO:0006725', 'GO:0071704', 'GO:0090304', 'GO:0043170', 'GO:0008150', 'GO:0008152', 'GO:0044238', 'GO:0034641', 'GO:0006396', 'GO:0046483', 'GO:0006139'}"
GO:0007059,"{'GO:0009987', 'GO:0008150'}"
GO:0006259,"{'GO:1901360', 'GO:0009987', 'GO:0044237', 'GO:0006807', 'GO:0006725', 'GO:0071704', 'GO:0090304', 'GO:0043170', 'GO:0008150', 'GO:0008152', 'GO:0044238', 'GO:0034641', 'GO:0044260', 'GO:0046483', 'GO:0006139'}"
GO:0016226,"{'GO:0031163', 'GO:0022607', 'GO:0006790', 'GO:0009987', 'GO:0044237', 'GO:0016043', 'GO:0071840', 'GO:0008150', 'GO:0008152'}"
GO:1905168,"{'GO:0051054', 'GO:0031323', 'GO:0065007', 'GO:0048583', 'GO:0080135', 'GO:0080134', 'GO:0008150', 'GO:0048522', 'GO:2001020', 'GO:0031325', 'GO:0045739', 'GO:0045935', 'GO:0009893', 'GO:0050789', 'GO:0051171', 'GO:2000781', 'GO:0000018', 'GO:0010569', 'GO:0019219', 'GO:2000779', 'GO:0050794', 'GO:0051052', 'GO:0051173', 'GO:0019222', 'GO:0010604', 'GO:0080090', 'GO:0048584', 'GO:0060255', 'GO:0048518', 'GO:0045911', 'GO:0006282', 'GO:2001022'}"
GO:0097428,"{'GO:0044238', 'GO:0019538', 'GO:0051604', 'GO:0006807', 'GO:0071704', 'GO:0043170', 'GO:0008150', 'GO:0008152', 'GO:1901564'}"
GO:0072594,"{'GO:0051179', 'GO:0033365', 'GO:0034613', 'GO:0045184', 'GO:0051641', 'GO:0008104', 'GO:0009987', 'GO:0070727', 'GO:0051234', 'GO:0033036', 'GO:0008150'}"
GO:0090160,"{'GO:0051649', 'GO:0051234', 'GO:0009987', 'GO:0006896', 'GO:0051641', 'GO:0016482', 'GO:0008150', 'GO:0007034', 'GO:0051179', 'GO:0016192', 'GO:0006810', 'GO:0007041', 'GO:0048193', 'GO:0046907', 'GO:0006892'}"
GO:0006605,"{'GO:0006820', 'GO:0051649', 'GO:0006886', 'GO:0051234', 'GO:0051641', 'GO:0009987', 'GO:0015031', 'GO:0008150', 'GO:0071705', 'GO:0006811', 'GO:0051179', 'GO:0042886', 'GO:0006810', 'GO:0015833', 'GO:0045184', 'GO:0008104', 'GO:0046907', 'GO:0071702', 'GO:0033036'}"
GO:0045047,"{'GO:0006820', 'GO:0051649', 'GO:0033365', 'GO:0034613', 'GO:0006886', 'GO:0051234', 'GO:0051641', 'GO:0009987', 'GO:0070727', 'GO:0006605', 'GO:0015031', 'GO:0008150', 'GO:0071705', 'GO:0006811', 'GO:0072599', 'GO:0051179', 'GO:0042886', 'GO:0006810', 'GO:0015833', 'GO:0045184', 'GO:0072594', 'GO:0008104', 'GO:0046907', 'GO:0071702', 'GO:0070972', 'GO:0033036'}"
GO:0006614,"{'GO:0006613', 'GO:0051649', 'GO:0034613', 'GO:0006886', 'GO:0009987', 'GO:0006605', 'GO:0015031', 'GO:0008150', 'GO:0071705', 'GO:0006811', 'GO:0072599', 'GO:0006810', 'GO:0006612', 'GO:0072594', 'GO:0071702', 'GO:0006820', 'GO:0033365', 'GO:0090150', 'GO:0051234', 'GO:0051641', 'GO:0072657', 'GO:0070727', 'GO:0045047', 'GO:0051179', 'GO:0042886', 'GO:0015833', 'GO:0045184', 'GO:0008104', 'GO:0046907', 'GO:0070972', 'GO:0033036'}"
GO:0070059,"{'GO:0097193', 'GO:0065007', 'GO:0035556', 'GO:0050896', 'GO:0050789', 'GO:0009987', 'GO:0034976', 'GO:0097190', 'GO:0051716', 'GO:0050794', 'GO:0007165', 'GO:0008150', 'GO:0006950', 'GO:0033554'}"
GO:0034975,"{'GO:0009987', 'GO:0008150', 'GO:0006457'}"
GO:0006627,"{'GO:0016485', 'GO:0019538', 'GO:0006807', 'GO:0009987', 'GO:0044237', 'GO:0071704', 'GO:0044267', 'GO:0043170', 'GO:0008150', 'GO:0034982', 'GO:0008152', 'GO:0044238', 'GO:0044260', 'GO:0051604', 'GO:0006508', 'GO:1901564'}"
GO:0009968,"{'GO:0065007', 'GO:0009966', 'GO:0050794', 'GO:0023057', 'GO:0048583', 'GO:0048519', 'GO:0048585', 'GO:0023051', 'GO:0048523', 'GO:0050789', 'GO:0008150', 'GO:0010646', 'GO:0010648'}"
GO:1901796,"{'GO:0065007', 'GO:0009966', 'GO:0050794', 'GO:0048583', 'GO:1902531', 'GO:0050789', 'GO:0008150', 'GO:0010646', 'GO:0023051'}"
GO:0042273,"{'GO:0022613', 'GO:0009987', 'GO:0071840', 'GO:0008150', 'GO:0044085'}"
GO:0060021,"{'GO:0048856', 'GO:0008150', 'GO:0032502'}"
GO:0019885,"{'GO:0002483', 'GO:0048002', 'GO:0002474', 'GO:0019883', 'GO:0002376', 'GO:0019882', 'GO:0008150'}"
GO:0006509,"{'GO:0044238', 'GO:0019538', 'GO:0033619', 'GO:0006807', 'GO:0071704', 'GO:0006508', 'GO:0043170', 'GO:0008150', 'GO:0008152', 'GO:1901564'}"
GO:0043171,"{'GO:0009056', 'GO:0009987', 'GO:0044237', 'GO:0006807', 'GO:0071704', 'GO:0008150', 'GO:0008152', 'GO:0044248', 'GO:0043603', 'GO:1901575', 'GO:0034641', 'GO:0006518', 'GO:1901565', 'GO:1901564'}"
GO:2001240,"{'GO:0065007', 'GO:0043066', 'GO:0048583', 'GO:0043067', 'GO:2001234', 'GO:0043069', 'GO:0008150', 'GO:0010941', 'GO:0009966', 'GO:0042981', 'GO:2001236', 'GO:1901099', 'GO:0048523', 'GO:0050789', 'GO:0010646', 'GO:0010648', 'GO:0023057', 'GO:0048585', 'GO:0060548', 'GO:0050794', 'GO:0009968', 'GO:2001237', 'GO:2001233', 'GO:0048519', 'GO:2001239', 'GO:0023051'}"
GO:0140206,"{'GO:0006820', 'GO:0042938', 'GO:0055085', 'GO:0051234', 'GO:0009987', 'GO:0098657', 'GO:0034220', 'GO:0098656', 'GO:0008150', 'GO:0071705', 'GO:0006811', 'GO:0051179', 'GO:0006857', 'GO:0042886', 'GO:0098739', 'GO:0006810', 'GO:0035442', 'GO:0015833', 'GO:0140205', 'GO:0071702', 'GO:0035672'}"
GO:0042938,"{'GO:0006811', 'GO:0006820', 'GO:0006857', 'GO:0051179', 'GO:0042886', 'GO:0006810', 'GO:0015833', 'GO:0051234', 'GO:0071702', 'GO:0008150', 'GO:0071705'}"
GO:0006857,"{'GO:0006811', 'GO:0006820', 'GO:0051179', 'GO:0042886', 'GO:0006810', 'GO:0015833', 'GO:0051234', 'GO:0071702', 'GO:0008150', 'GO:0071705'}"
GO:0015835,"{'GO:0006811', 'GO:0006820', 'GO:0051179', 'GO:0006810', 'GO:0051234', 'GO:0071702', 'GO:1901264', 'GO:0008150', 'GO:0071705'}"
GO:0070424,"{'GO:0065007', 'GO:0009966', 'GO:0050794', 'GO:0048583', 'GO:1902531', 'GO:0062207', 'GO:0050789', 'GO:0008150', 'GO:0010646', 'GO:0023051'}"
GO:0070293,"{'GO:0003014', 'GO:0008150', 'GO:0003008', 'GO:0032501'}"
GO:0042908,"{'GO:0051234', 'GO:0006810', 'GO:0008150', 'GO:0051179'}"
GO:0099590,"{'GO:0031503', 'GO:0006820', 'GO:0033365', 'GO:0034613', 'GO:0051641', 'GO:0009987', 'GO:0051234', 'GO:0070727', 'GO:0098657', 'GO:0044237', 'GO:0006898', 'GO:0071704', 'GO:0031623', 'GO:0043170', 'GO:0008150', 'GO:0015031', 'GO:0008152', 'GO:0071705', 'GO:0043112', 'GO:0099637', 'GO:0006811', 'GO:0051179', 'GO:0006897', 'GO:0016192', 'GO:0042886', 'GO:0006810', 'GO:0015833', 'GO:0044260', 'GO:0045184', 'GO:0072594', 'GO:0008104', 'GO:0071702', 'GO:0033036'}"
GO:0099645,"{'GO:1990778', 'GO:0031503', 'GO:0033365', 'GO:0065007', 'GO:0034613', 'GO:0097120', 'GO:0065008', 'GO:0051641', 'GO:0009987', 'GO:0072657', 'GO:0070727', 'GO:0062237', 'GO:1903539', 'GO:0035418', 'GO:0008150', 'GO:1902414', 'GO:0099072', 'GO:0051179', 'GO:0008104', 'GO:0033036', 'GO:0099633'}"
GO:0098943,"{'GO:0031503', 'GO:0006820', 'GO:0033365', 'GO:0034613', 'GO:0061462', 'GO:0051234', 'GO:0009987', 'GO:0051641', 'GO:0070727', 'GO:0072666', 'GO:0015031', 'GO:0008150', 'GO:0072665', 'GO:0071705', 'GO:0007034', 'GO:0099637', 'GO:0006811', 'GO:0051179', 'GO:0016192', 'GO:0042886', 'GO:0006810', 'GO:0015833', 'GO:0045184', 'GO:0072594', 'GO:0007041', 'GO:0008104', 'GO:0071702', 'GO:0033036'}"
GO:2000969,"{'GO:0043269', 'GO:0043270', 'GO:2000311', 'GO:0065007', 'GO:0051050', 'GO:0048583', 'GO:0034764', 'GO:0008150', 'GO:1904064', 'GO:0009966', 'GO:0032412', 'GO:0048522', 'GO:0032411', 'GO:0010469', 'GO:0099601', 'GO:0032409', 'GO:0034765', 'GO:0050789', 'GO:0010646', 'GO:1904062', 'GO:0051049', 'GO:0032414', 'GO:2001259', 'GO:0065009', 'GO:0050794', 'GO:0022898', 'GO:0034767', 'GO:2000273', 'GO:0032879', 'GO:0048518', 'GO:0044093', 'GO:0034762', 'GO:2001257', 'GO:0023051'}"
GO:0098970,"{'GO:0031503', 'GO:0034613', 'GO:0099645', 'GO:0065007', 'GO:0097120', 'GO:0009987', 'GO:0062237', 'GO:1903539', 'GO:0035418', 'GO:0008150', 'GO:0099072', 'GO:0099628', 'GO:1990778', 'GO:0033365', 'GO:0065008', 'GO:0051641', 'GO:0072657', 'GO:0070727', 'GO:0051668', 'GO:1902414', 'GO:0051179', 'GO:0098953', 'GO:0008104', 'GO:0033036', 'GO:0099633'}"
GO:2000311,"{'GO:0051049', 'GO:0043269', 'GO:0065009', 'GO:0065007', 'GO:0048583', 'GO:0050794', 'GO:0022898', 'GO:0008150', 'GO:0009966', 'GO:0032412', 'GO:0032879', 'GO:0099601', 'GO:0010469', 'GO:0032409', 'GO:0034765', 'GO:0050789', 'GO:0034762', 'GO:2001257', 'GO:0010646', 'GO:0023051', 'GO:1904062'}"
GO:0019226,"{'GO:0003008', 'GO:0023052', 'GO:0032501', 'GO:0035637', 'GO:0008150', 'GO:0050877'}"
GO:0086014,"{'GO:0065008', 'GO:0086001', 'GO:0065007', 'GO:0086002', 'GO:0008150', 'GO:0042391', 'GO:0001508'}"
GO:0086016,"{'GO:0001508', 'GO:0042391', 'GO:0065007', 'GO:0008150', 'GO:0065008', 'GO:0086001'}"
GO:0086067,"{'GO:0009987', 'GO:0086065', 'GO:0008150', 'GO:0007154'}"
GO:0086043,"{'GO:0001508', 'GO:0042391', 'GO:0065007', 'GO:0008150', 'GO:0065008', 'GO:0086001'}"
GO:0086002,"{'GO:0001508', 'GO:0042391', 'GO:0065007', 'GO:0008150', 'GO:0065008', 'GO:0086001'}"
GO:0060048,"{'GO:0003012', 'GO:0006941', 'GO:0003008', 'GO:0006936', 'GO:0008150', 'GO:0032501'}"
GO:0003231,"{'GO:0003205', 'GO:0048856', 'GO:0008150', 'GO:0032502'}"
GO:0086065,"{'GO:0009987', 'GO:0008150', 'GO:0007154'}"
GO:0051899,"{'GO:0065007', 'GO:0008150', 'GO:0042391', 'GO:0065008'}"
GO:0086010,"{'GO:0051899', 'GO:0065008', 'GO:0065007', 'GO:0008150', 'GO:0042391'}"
GO:0098912,"{'GO:0086012', 'GO:0051899', 'GO:0086010', 'GO:0065008', 'GO:0065007', 'GO:0008150', 'GO:0042391'}"
GO:0086045,"{'GO:0086012', 'GO:0051899', 'GO:0086010', 'GO:0065008', 'GO:0065007', 'GO:0008150', 'GO:0042391'}"
GO:0086048,"{'GO:0086012', 'GO:0051899', 'GO:0086010', 'GO:0065008', 'GO:0065007', 'GO:0008150', 'GO:0042391'}"
GO:0086012,"{'GO:0051899', 'GO:0086010', 'GO:0042391', 'GO:0065007', 'GO:0008150', 'GO:0065008'}"
GO:0086047,"{'GO:0086012', 'GO:0051899', 'GO:0086010', 'GO:0065008', 'GO:0065007', 'GO:0008150', 'GO:0042391'}"
GO:0086046,"{'GO:0086012', 'GO:0051899', 'GO:0086010', 'GO:0065008', 'GO:0065007', 'GO:0008150', 'GO:0042391'}"
GO:0019228,"{'GO:0065008', 'GO:0065007', 'GO:0008150', 'GO:0042391', 'GO:0001508'}"
GO:0045760,"{'GO:0065007', 'GO:0065008', 'GO:0048518', 'GO:0050789', 'GO:0098900', 'GO:0008150', 'GO:0042391'}"
GO:0050679,"{'GO:0042127', 'GO:0048522', 'GO:0065007', 'GO:0050794', 'GO:0048518', 'GO:0050789', 'GO:0050678', 'GO:0008284', 'GO:0008150'}"
GO:0010460,"{'GO:0051240', 'GO:0051239', 'GO:0045823', 'GO:1903524', 'GO:0065007', 'GO:0048518', 'GO:0065008', 'GO:0008016', 'GO:1903522', 'GO:0002027', 'GO:0044057', 'GO:0050789', 'GO:0008150'}"
GO:0010765,"{'GO:0051049', 'GO:0043269', 'GO:0043270', 'GO:0065007', 'GO:0051050', 'GO:0032879', 'GO:0048518', 'GO:0002028', 'GO:0050789', 'GO:0008150'}"
GO:0060371,"{'GO:0042592', 'GO:0065007', 'GO:0050794', 'GO:0065008', 'GO:0048878', 'GO:0003254', 'GO:0050801', 'GO:0050789', 'GO:0008150', 'GO:0042391'}"
GO:0060372,"{'GO:0051049', 'GO:0043269', 'GO:0099623', 'GO:0065007', 'GO:0065008', 'GO:0032879', 'GO:0050789', 'GO:0034765', 'GO:0050794', 'GO:0034762', 'GO:0008150', 'GO:0042391', 'GO:0060306'}"
GO:0086004,"{'GO:0055117', 'GO:0090257', 'GO:0051239', 'GO:0065007', 'GO:0051270', 'GO:0050794', 'GO:0032879', 'GO:0008016', 'GO:1903522', 'GO:0006937', 'GO:0044057', 'GO:0032970', 'GO:0050789', 'GO:0006942', 'GO:0008150', 'GO:1903115'}"
GO:0002027,"{'GO:0051239', 'GO:0065007', 'GO:0065008', 'GO:0008016', 'GO:1903522', 'GO:0044057', 'GO:0050789', 'GO:0008150'}"
GO:1902305,"{'GO:0051049', 'GO:0043269', 'GO:0065007', 'GO:0050794', 'GO:0008150', 'GO:0032879', 'GO:0002028', 'GO:0034765', 'GO:0050789', 'GO:0034762', 'GO:1904062'}"
GO:0060373,"{'GO:0042592', 'GO:0065007', 'GO:0050794', 'GO:0065008', 'GO:0048878', 'GO:0003254', 'GO:0050801', 'GO:0050789', 'GO:0008150', 'GO:0042391'}"
GO:0060307,"{'GO:0051049', 'GO:0043269', 'GO:0099623', 'GO:0065007', 'GO:0065008', 'GO:0032879', 'GO:0050789', 'GO:0034765', 'GO:0050794', 'GO:0034762', 'GO:0008150', 'GO:0042391', 'GO:0060306'}"
GO:0014894,"{'GO:0014877', 'GO:0014854', 'GO:0014874', 'GO:0014870', 'GO:0008150', 'GO:0050896'}"
GO:0086015,"{'GO:0001508', 'GO:0042391', 'GO:0065007', 'GO:0008150', 'GO:0065008', 'GO:0086001'}"
GO:0086005,"{'GO:0065008', 'GO:0086001', 'GO:0065007', 'GO:0086002', 'GO:0008150', 'GO:0042391', 'GO:0001508'}"
GO:0035627,"{'GO:0006811', 'GO:0006820', 'GO:0051179', 'GO:0006869', 'GO:0042886', 'GO:0006810', 'GO:0051234', 'GO:0071702', 'GO:0008150', 'GO:0071705'}"
GO:0120009,"{'GO:0006811', 'GO:0006820', 'GO:0051179', 'GO:0006869', 'GO:0006810', 'GO:0051234', 'GO:0061024', 'GO:0009987', 'GO:0071702', 'GO:0016043', 'GO:0071840', 'GO:0008150'}"
GO:0098885,"{'GO:0099563', 'GO:0034330', 'GO:0050808', 'GO:0009987', 'GO:0016043', 'GO:0099010', 'GO:0071840', 'GO:0008150'}"
GO:0042308,"{'GO:0043269', 'GO:0065007', 'GO:0042306', 'GO:1904950', 'GO:0008150', 'GO:0032880', 'GO:1904590', 'GO:0043271', 'GO:0046822', 'GO:0048523', 'GO:0046823', 'GO:1900180', 'GO:0050789', 'GO:1903792', 'GO:1903827', 'GO:0051051', 'GO:0051049', 'GO:0051223', 'GO:0032386', 'GO:0050794', 'GO:0032387', 'GO:0070201', 'GO:0044070', 'GO:0060341', 'GO:0032879', 'GO:0048519', 'GO:1904589', 'GO:1900181', 'GO:0090087', 'GO:0051224', 'GO:1903828', 'GO:0033157', 'GO:0090317'}"
GO:0071260,"{'GO:0071214', 'GO:0104004', 'GO:0009605', 'GO:0050896', 'GO:0009987', 'GO:0009628', 'GO:0051716', 'GO:0071496', 'GO:0008150', 'GO:0009612'}"
GO:0034620,"{'GO:0035967', 'GO:0035966', 'GO:0071310', 'GO:0042221', 'GO:0050896', 'GO:0010033', 'GO:0070887', 'GO:0009987', 'GO:0006986', 'GO:0051716', 'GO:0008150', 'GO:0006950', 'GO:0033554'}"
GO:0061684,"{'GO:0019538', 'GO:0009056', 'GO:0009987', 'GO:0044237', 'GO:0006807', 'GO:0071704', 'GO:0006914', 'GO:0043170', 'GO:0008150', 'GO:0008152', 'GO:0009057', 'GO:0044248', 'GO:0044238', 'GO:1901575', 'GO:0030163', 'GO:1901565', 'GO:0061919', 'GO:1901564'}"
GO:0097192,"{'GO:0097191', 'GO:0065007', 'GO:0009987', 'GO:0097190', 'GO:0050794', 'GO:0007165', 'GO:0007166', 'GO:0008150', 'GO:0038034', 'GO:0050789'}"
GO:0008625,"{'GO:0097191', 'GO:0065007', 'GO:0050789', 'GO:0009987', 'GO:0097190', 'GO:0050794', 'GO:0007165', 'GO:0007166', 'GO:0008150'}"
GO:0046716,"{'GO:0042592', 'GO:0065007', 'GO:0019725', 'GO:0065008', 'GO:0009987', 'GO:0060249', 'GO:0008150'}"
GO:1903215,"{'GO:0043269', 'GO:0065007', 'GO:1903747', 'GO:1904950', 'GO:0008150', 'GO:0032880', 'GO:1903533', 'GO:1903214', 'GO:0043271', 'GO:0048523', 'GO:1903827', 'GO:0050789', 'GO:1903792', 'GO:0051051', 'GO:0051049', 'GO:1903748', 'GO:0051223', 'GO:0032386', 'GO:0050794', 'GO:0032387', 'GO:0070201', 'GO:0044070', 'GO:0060341', 'GO:0032879', 'GO:0048519', 'GO:0090087', 'GO:0051224', 'GO:1903828', 'GO:0033157', 'GO:0090317'}"
GO:0010664,"{'GO:0065007', 'GO:0043066', 'GO:0043067', 'GO:0010662', 'GO:0060548', 'GO:0050794', 'GO:0043069', 'GO:0042981', 'GO:0008150', 'GO:0010941', 'GO:0010660', 'GO:0048519', 'GO:0010656', 'GO:0048523', 'GO:0050789'}"
GO:0097201,"{'GO:0045934', 'GO:0006355', 'GO:0031323', 'GO:0009889', 'GO:2001141', 'GO:0043620', 'GO:0065007', 'GO:1903506', 'GO:0010558', 'GO:0009987', 'GO:0008150', 'GO:2000113', 'GO:0051172', 'GO:0033554', 'GO:0010468', 'GO:2000112', 'GO:0031326', 'GO:0048523', 'GO:1903507', 'GO:0010556', 'GO:0050789', 'GO:0031324', 'GO:1902679', 'GO:0051171', 'GO:0031327', 'GO:0050896', 'GO:0006357', 'GO:0045892', 'GO:0051253', 'GO:0019219', 'GO:0051716', 'GO:0050794', 'GO:0010629', 'GO:0051252', 'GO:0043618', 'GO:0009890', 'GO:0019222', 'GO:0000122', 'GO:0080090', 'GO:0060255', 'GO:0048519', 'GO:0010605', 'GO:0006950', 'GO:0009892'}"
GO:1905337,"{'GO:0031323', 'GO:0065007', 'GO:0009894', 'GO:1905335', 'GO:0031331', 'GO:0010508', 'GO:0031329', 'GO:0050794', 'GO:0008150', 'GO:0009893', 'GO:0009896', 'GO:0048522', 'GO:0019222', 'GO:0016241', 'GO:0048518', 'GO:0031325', 'GO:0050789', 'GO:0016239', 'GO:0010506'}"
GO:0046827,"{'GO:0043269', 'GO:0043270', 'GO:0065007', 'GO:0051050', 'GO:1904951', 'GO:0008150', 'GO:0048522', 'GO:0032880', 'GO:0046822', 'GO:1903827', 'GO:0050789', 'GO:0051049', 'GO:0051223', 'GO:0032386', 'GO:0046824', 'GO:0050794', 'GO:1903793', 'GO:0070201', 'GO:0044070', 'GO:0051222', 'GO:0046825', 'GO:0060341', 'GO:0032879', 'GO:0048518', 'GO:0090087', 'GO:0090316', 'GO:0032388', 'GO:0033157'}"
GO:0071425,"{'GO:0009987', 'GO:0008150', 'GO:0072089', 'GO:0008283'}"
GO:0070989,"{'GO:0070988', 'GO:0008150', 'GO:0008152'}"
GO:0009617,"{'GO:0009607', 'GO:0050896', 'GO:0051707', 'GO:0008150', 'GO:0043207', 'GO:0009605', 'GO:0044419'}"
GO:0008202,"{'GO:0006629', 'GO:0044238', 'GO:1901360', 'GO:0071704', 'GO:0008150', 'GO:0008152'}"
GO:0090162,"{'GO:0009987', 'GO:0007163', 'GO:0008150', 'GO:0030010'}"
GO:0032012,"{'GO:0065007', 'GO:0009966', 'GO:0051056', 'GO:0046578', 'GO:0048583', 'GO:0050794', 'GO:1902531', 'GO:0050789', 'GO:0008150', 'GO:0010646', 'GO:0023051'}"
GO:2000300,"{'GO:0051049', 'GO:0046928', 'GO:0017157', 'GO:0065007', 'GO:0065008', 'GO:0051588', 'GO:0050794', 'GO:0099177', 'GO:0008150', 'GO:1903530', 'GO:0050804', 'GO:0060627', 'GO:1903305', 'GO:0032879', 'GO:0051046', 'GO:0001505', 'GO:0050789', 'GO:0010646', 'GO:0023051'}"
GO:0006874,"{'GO:0065007', 'GO:0019725', 'GO:0065008', 'GO:0055080', 'GO:0009987', 'GO:0072503', 'GO:0006873', 'GO:0055074', 'GO:0008150', 'GO:0030003', 'GO:0006875', 'GO:0042592', 'GO:0055065', 'GO:0048878', 'GO:0050801', 'GO:0055082', 'GO:0072507', 'GO:0098771'}"
GO:0090114,"{'GO:0006996', 'GO:0006900', 'GO:0009987', 'GO:0061024', 'GO:0016050', 'GO:0016043', 'GO:0071840', 'GO:0008150'}"
GO:0090158,"{'GO:0009987', 'GO:0061024', 'GO:0016043', 'GO:0071840', 'GO:0008150'}"
GO:0007029,"{'GO:0009987', 'GO:0016043', 'GO:0071840', 'GO:0008150', 'GO:0006996'}"
GO:0006888,"{'GO:0051179', 'GO:0051649', 'GO:0016192', 'GO:0006810', 'GO:0051234', 'GO:0046907', 'GO:0051641', 'GO:0009987', 'GO:0048193', 'GO:0008150'}"
GO:0030968,"{'GO:0065007', 'GO:0050794', 'GO:0050896', 'GO:0050789', 'GO:0009987', 'GO:0051716', 'GO:0034976', 'GO:0007165', 'GO:0008150', 'GO:0006950', 'GO:0033554'}"
GO:0061817,"{'GO:0051179', 'GO:0051643', 'GO:0140056', 'GO:0051640', 'GO:0051641', 'GO:0009987', 'GO:0022406', 'GO:0008150'}"
GO:0036498,"{'GO:0065007', 'GO:0050896', 'GO:0050789', 'GO:0009987', 'GO:0034976', 'GO:0051716', 'GO:0050794', 'GO:0007165', 'GO:0008150', 'GO:0006950', 'GO:0033554', 'GO:0030968'}"
GO:0044830,"{'GO:0051851', 'GO:0051702', 'GO:0044403', 'GO:0051817', 'GO:0035821', 'GO:0044419', 'GO:0044827', 'GO:0044788', 'GO:0008150'}"
GO:0019048,"{'GO:0044403', 'GO:0051817', 'GO:0016032', 'GO:0051701', 'GO:0035821', 'GO:0044419', 'GO:0044003', 'GO:0008150'}"
GO:0044828,"{'GO:0051851', 'GO:0051702', 'GO:0044793', 'GO:0044403', 'GO:0051817', 'GO:0035821', 'GO:0044419', 'GO:0044827', 'GO:0044788', 'GO:0008150'}"
GO:0044790,"{'GO:0051851', 'GO:0051702', 'GO:0044403', 'GO:1903900', 'GO:0051817', 'GO:0065007', 'GO:0043903', 'GO:1902187', 'GO:0050792', 'GO:0048525', 'GO:0008150', 'GO:1902186', 'GO:0044793', 'GO:0044789', 'GO:0035821', 'GO:0044419', 'GO:0048519', 'GO:0044788', 'GO:0050789'}"
GO:0046725,"{'GO:0065007', 'GO:0043903', 'GO:0065008', 'GO:0050792', 'GO:0048525', 'GO:0008150', 'GO:0042592', 'GO:0046719', 'GO:0048519', 'GO:0048878', 'GO:0050789'}"
GO:0044791,"{'GO:0051851', 'GO:0051702', 'GO:0044403', 'GO:1903900', 'GO:0051817', 'GO:0065007', 'GO:0043903', 'GO:0044794', 'GO:0050792', 'GO:1902188', 'GO:0008150', 'GO:1902186', 'GO:0048524', 'GO:1903902', 'GO:0044789', 'GO:0048518', 'GO:0035821', 'GO:0044419', 'GO:0044788', 'GO:0050789'}"
GO:0045070,"{'GO:0048524', 'GO:1903900', 'GO:0065007', 'GO:0045069', 'GO:0043903', 'GO:0048518', 'GO:0050792', 'GO:0050789', 'GO:0008150'}"
GO:0045595,"{'GO:0065007', 'GO:0050789', 'GO:0050793', 'GO:0050794', 'GO:0008150'}"
GO:0061077,"{'GO:0009987', 'GO:0008150', 'GO:0006457'}"
GO:0090084,"{'GO:0090083', 'GO:0065007', 'GO:0044087', 'GO:0048519', 'GO:0050789', 'GO:0051129', 'GO:0048523', 'GO:0051128', 'GO:0050794', 'GO:0008150'}"
GO:0071423,"{'GO:0006820', 'GO:1903825', 'GO:0055085', 'GO:0051234', 'GO:0009987', 'GO:0015711', 'GO:0034220', 'GO:0015740', 'GO:0098656', 'GO:0008150', 'GO:0046942', 'GO:0006811', 'GO:0051179', 'GO:0006810', 'GO:1905039', 'GO:0071702', 'GO:0015849', 'GO:0015743', 'GO:0006835'}"
GO:0015743,"{'GO:0046942', 'GO:0006811', 'GO:0006820', 'GO:0051179', 'GO:0006810', 'GO:0051234', 'GO:0015711', 'GO:0071702', 'GO:0015740', 'GO:0015849', 'GO:0008150', 'GO:0006835'}"
GO:0006839,"{'GO:0051234', 'GO:0006810', 'GO:0008150', 'GO:0051179'}"
GO:0015729,"{'GO:0046942', 'GO:0006811', 'GO:0006820', 'GO:0051179', 'GO:0006810', 'GO:0051234', 'GO:0015711', 'GO:0071702', 'GO:0015740', 'GO:0015849', 'GO:0008150', 'GO:0006835'}"
GO:0035435,"{'GO:0015698', 'GO:0006820', 'GO:0098660', 'GO:0055085', 'GO:0051234', 'GO:0009987', 'GO:0034220', 'GO:0098661', 'GO:0098656', 'GO:0006817', 'GO:0008150', 'GO:0006811', 'GO:0051179', 'GO:0006810'}"
GO:0006817,"{'GO:0051234', 'GO:0015698', 'GO:0006811', 'GO:0006820', 'GO:0051179', 'GO:0006810', 'GO:0008150'}"
GO:0071422,"{'GO:0006820', 'GO:1903825', 'GO:0055085', 'GO:0051234', 'GO:0009987', 'GO:0015711', 'GO:0034220', 'GO:0015744', 'GO:0015740', 'GO:0098656', 'GO:0008150', 'GO:0046942', 'GO:0006811', 'GO:0051179', 'GO:0006810', 'GO:1905039', 'GO:0071702', 'GO:0015849', 'GO:0006835'}"
GO:0015744,"{'GO:0046942', 'GO:0006811', 'GO:0006820', 'GO:0051179', 'GO:0006810', 'GO:0051234', 'GO:0015711', 'GO:0071702', 'GO:0015740', 'GO:0015849', 'GO:0008150', 'GO:0006835'}"
GO:0008272,"{'GO:0015698', 'GO:0006811', 'GO:0051179', 'GO:0072348', 'GO:0006820', 'GO:0006810', 'GO:0051234', 'GO:0008150'}"
GO:0015709,"{'GO:0015698', 'GO:0006811', 'GO:0051179', 'GO:0072348', 'GO:0006820', 'GO:0006810', 'GO:0051234', 'GO:0008150'}"
GO:0034332,"{'GO:0034330', 'GO:0009987', 'GO:0016043', 'GO:0071840', 'GO:0045216', 'GO:0008150'}"
GO:0007409,"{'GO:0032502', 'GO:0048858', 'GO:0032989', 'GO:0009987', 'GO:0048869', 'GO:0120039', 'GO:0016043', 'GO:0071840', 'GO:0032990', 'GO:0030030', 'GO:0009653', 'GO:0048812', 'GO:0008150'}"
GO:0030900,"{'GO:0048856', 'GO:0008150', 'GO:0032502'}"
GO:0021670,"{'GO:0048856', 'GO:0008150', 'GO:0032502'}"
GO:1903077,"{'GO:0065007', 'GO:1905475', 'GO:1903076', 'GO:0050794', 'GO:0008150', 'GO:0032880', 'GO:1904376', 'GO:1904375', 'GO:0060341', 'GO:0032879', 'GO:0048519', 'GO:1905476', 'GO:0048523', 'GO:1903827', 'GO:0050789', 'GO:1903828'}"
GO:0021849,"{'GO:0051301', 'GO:0055057', 'GO:0008150', 'GO:0009987'}"
GO:0099149,"{'GO:0051049', 'GO:0043269', 'GO:0031323', 'GO:0065007', 'GO:0051223', 'GO:0065008', 'GO:0050794', 'GO:0008150', 'GO:0070201', 'GO:0032880', 'GO:0048259', 'GO:0019222', 'GO:0060627', 'GO:0030100', 'GO:0044070', 'GO:0060255', 'GO:0032879', 'GO:0002090', 'GO:0060341', 'GO:0090087', 'GO:0051128', 'GO:1903827', 'GO:0050789'}"
GO:0099150,"{'GO:0065007', 'GO:0044087', 'GO:0050794', 'GO:0033043', 'GO:0051128', 'GO:1902115', 'GO:0050789', 'GO:0008150'}"
GO:0030030,"{'GO:0009987', 'GO:0008150', 'GO:0016043', 'GO:0071840'}"
GO:0051642,"{'GO:0051641', 'GO:0009987', 'GO:0051179', 'GO:0008150', 'GO:0051640', 'GO:0061842'}"
GO:0010826,"{'GO:0051726', 'GO:0032886', 'GO:0065007', 'GO:0051493', 'GO:0010824', 'GO:0045786', 'GO:0051129', 'GO:0010948', 'GO:0050794', 'GO:0008150', 'GO:0046605', 'GO:0010564', 'GO:0048519', 'GO:0033043', 'GO:0051494', 'GO:0051128', 'GO:0048523', 'GO:0050789', 'GO:0010639', 'GO:0046606'}"
GO:0072697,"{'GO:1990778', 'GO:0051179', 'GO:0034613', 'GO:0051641', 'GO:0008104', 'GO:0009987', 'GO:0070727', 'GO:0033036', 'GO:0008150'}"
GO:0001558,"{'GO:0065007', 'GO:0050794', 'GO:0040008', 'GO:0051128', 'GO:0050789', 'GO:0008150'}"
GO:0042149,"{'GO:0033554', 'GO:0009991', 'GO:0031668', 'GO:0042594', 'GO:0009605', 'GO:0050896', 'GO:0031669', 'GO:0009987', 'GO:0051716', 'GO:0031667', 'GO:0071496', 'GO:0008150', 'GO:0006950', 'GO:0009267', 'GO:0007154'}"
GO:0003180,"{'GO:0032502', 'GO:0009653', 'GO:0008150', 'GO:0003179'}"
GO:0048846,"{'GO:0032502', 'GO:0040007', 'GO:0048588', 'GO:1990138', 'GO:0048589', 'GO:0016049', 'GO:0060560', 'GO:0048675', 'GO:0009987', 'GO:1902284', 'GO:0008150'}"
GO:0048754,"{'GO:0032502', 'GO:0009653', 'GO:0032501', 'GO:0061138', 'GO:0001763', 'GO:0035239', 'GO:0002009', 'GO:0008150', 'GO:0048729'}"
GO:0002042,"{'GO:0006928', 'GO:0040011', 'GO:0048870', 'GO:0009987', 'GO:0010631', 'GO:0043534', 'GO:0043542', 'GO:0008150', 'GO:0001667', 'GO:0016477'}"
GO:0071504,"{'GO:0071310', 'GO:0071417', 'GO:0050896', 'GO:0010033', 'GO:1901700', 'GO:0071503', 'GO:0009987', 'GO:1901699', 'GO:0051716', 'GO:0008150', 'GO:1901698', 'GO:0042221', 'GO:0071495', 'GO:0009719', 'GO:0070887', 'GO:1901701', 'GO:0010243'}"
GO:0021836,"{'GO:0042330', 'GO:0050919', 'GO:0006935', 'GO:0040011', 'GO:0008150'}"
GO:0021972,"{'GO:0006928', 'GO:0009987', 'GO:0097485', 'GO:0008150', 'GO:0007411'}"
GO:0033563,"{'GO:0006928', 'GO:0009987', 'GO:0097485', 'GO:0008150', 'GO:0007411'}"
GO:0050929,"{'GO:0040012', 'GO:0065007', 'GO:0050920', 'GO:0048584', 'GO:0040017', 'GO:0048583', 'GO:0050921', 'GO:0050923', 'GO:0048518', 'GO:0032103', 'GO:0032101', 'GO:0050924', 'GO:0050789', 'GO:0008150'}"
GO:0060763,"{'GO:0032502', 'GO:0040007', 'GO:0048589', 'GO:0008150', 'GO:0060560'}"
GO:0060603,"{'GO:0002009', 'GO:0032502', 'GO:0035239', 'GO:0009653', 'GO:0008150', 'GO:0048729', 'GO:0060562'}"
GO:0008045,"{'GO:0006928', 'GO:0009987', 'GO:0097485', 'GO:0008150', 'GO:0007411'}"
GO:0050919,"{'GO:0006935', 'GO:0040011', 'GO:0008150', 'GO:0042330'}"
GO:0030837,"{'GO:0090066', 'GO:0065007', 'GO:0032272', 'GO:0009987', 'GO:0030833', 'GO:0008150', 'GO:1902903', 'GO:0031333', 'GO:0044087', 'GO:0030832', 'GO:0033043', 'GO:0048523', 'GO:0050789', 'GO:0008064', 'GO:0010639', 'GO:0051493', 'GO:0065008', 'GO:0032956', 'GO:0043254', 'GO:0051129', 'GO:0110053', 'GO:0071840', 'GO:0032970', 'GO:0050794', 'GO:1902904', 'GO:0048519', 'GO:0032271', 'GO:0032535', 'GO:0051494', 'GO:0051128', 'GO:0016043'}"
GO:0030517,"{'GO:0030308', 'GO:0031344', 'GO:0030516', 'GO:0065007', 'GO:0040008', 'GO:0010721', 'GO:0051093', 'GO:0008150', 'GO:0051239', 'GO:0045595', 'GO:0010977', 'GO:2000026', 'GO:0022603', 'GO:0051960', 'GO:0048523', 'GO:0050789', 'GO:0048640', 'GO:0050767', 'GO:0060284', 'GO:0001558', 'GO:0050768', 'GO:0120035', 'GO:0051241', 'GO:0031345', 'GO:0045926', 'GO:0045596', 'GO:0050793', 'GO:0048638', 'GO:0051129', 'GO:0050794', 'GO:0010975', 'GO:0050770', 'GO:0051961', 'GO:0048519', 'GO:0050771', 'GO:0061387', 'GO:0051128'}"
GO:0090288,"{'GO:0065007', 'GO:0048583', 'GO:0050789', 'GO:0048519', 'GO:0048585', 'GO:0048523', 'GO:0050794', 'GO:0008150', 'GO:0090287'}"
GO:0070100,"{'GO:0060761', 'GO:0065007', 'GO:0023057', 'GO:0048583', 'GO:0048585', 'GO:0001960', 'GO:0050794', 'GO:0008150', 'GO:0009966', 'GO:0009968', 'GO:0001959', 'GO:0060759', 'GO:0048519', 'GO:0048523', 'GO:0010648', 'GO:0050789', 'GO:0010646', 'GO:0023051', 'GO:0070099'}"
GO:0010596,"{'GO:0051241', 'GO:0010594', 'GO:0010633', 'GO:0040012', 'GO:0065007', 'GO:0051270', 'GO:0050794', 'GO:2000146', 'GO:0008150', 'GO:0010632', 'GO:0051239', 'GO:0051271', 'GO:0032879', 'GO:0040013', 'GO:0048519', 'GO:0048523', 'GO:0050789', 'GO:2000145', 'GO:0030336', 'GO:0030334'}"
GO:0050728,"{'GO:0065007', 'GO:0050727', 'GO:0048583', 'GO:0048519', 'GO:0032102', 'GO:0048585', 'GO:0080134', 'GO:0032101', 'GO:0050789', 'GO:0031348', 'GO:0031347', 'GO:0008150'}"
GO:0010593,"{'GO:0031345', 'GO:0120035', 'GO:0031344', 'GO:1902743', 'GO:0065007', 'GO:0051129', 'GO:0120033', 'GO:1902744', 'GO:0050794', 'GO:0008150', 'GO:0120032', 'GO:0010591', 'GO:0060491', 'GO:0044087', 'GO:0048519', 'GO:0051128', 'GO:0048523', 'GO:0050789'}"
GO:0002689,"{'GO:0040012', 'GO:0065007', 'GO:0051270', 'GO:0048583', 'GO:0002688', 'GO:2000146', 'GO:0008150', 'GO:0050920', 'GO:0032102', 'GO:0048523', 'GO:0050789', 'GO:0002685', 'GO:0002682', 'GO:0048585', 'GO:0032101', 'GO:0050794', 'GO:0002683', 'GO:0002686', 'GO:0051271', 'GO:0032879', 'GO:0040013', 'GO:0048519', 'GO:0050922', 'GO:2000145', 'GO:0030336', 'GO:0030334'}"
GO:0090027,"{'GO:0040012', 'GO:0065007', 'GO:0051270', 'GO:0048583', 'GO:0090025', 'GO:0002688', 'GO:2000146', 'GO:0008150', 'GO:0071675', 'GO:0050920', 'GO:0032102', 'GO:0048523', 'GO:0050789', 'GO:0002689', 'GO:0002685', 'GO:0002682', 'GO:0048585', 'GO:0032101', 'GO:0050794', 'GO:0002683', 'GO:0002686', 'GO:0071676', 'GO:0051271', 'GO:0032879', 'GO:0040013', 'GO:0048519', 'GO:0050922', 'GO:2000145', 'GO:0030336', 'GO:0030334'}"
GO:0071676,"{'GO:0040012', 'GO:0065007', 'GO:0051270', 'GO:0002682', 'GO:0050794', 'GO:2000146', 'GO:0002683', 'GO:0008150', 'GO:0002686', 'GO:0071675', 'GO:0051271', 'GO:0032879', 'GO:0040013', 'GO:0048519', 'GO:0048523', 'GO:0050789', 'GO:2000145', 'GO:0030336', 'GO:0030334', 'GO:0002685'}"
GO:0090024,"{'GO:0040012', 'GO:0065007', 'GO:0051270', 'GO:0048583', 'GO:0002688', 'GO:2000146', 'GO:0008150', 'GO:0050920', 'GO:0032102', 'GO:1902623', 'GO:1902622', 'GO:0048523', 'GO:0050789', 'GO:0002689', 'GO:0071623', 'GO:0002685', 'GO:0002682', 'GO:0048585', 'GO:0071622', 'GO:0032101', 'GO:0050794', 'GO:0002683', 'GO:0090022', 'GO:0002686', 'GO:0051271', 'GO:0032879', 'GO:0040013', 'GO:0048519', 'GO:0050922', 'GO:2000145', 'GO:0030336', 'GO:0030334'}"
GO:0090260,"{'GO:0040012', 'GO:0065007', 'GO:0051270', 'GO:0048583', 'GO:0048585', 'GO:0032101', 'GO:0050794', 'GO:0090259', 'GO:0008150', 'GO:1902667', 'GO:0050920', 'GO:0051271', 'GO:0032879', 'GO:0032102', 'GO:0048519', 'GO:0040013', 'GO:1902668', 'GO:0050922', 'GO:0048523', 'GO:0050789'}"
GO:0051058,"{'GO:0065007', 'GO:0023057', 'GO:0051056', 'GO:0048583', 'GO:0048585', 'GO:0050794', 'GO:0008150', 'GO:0009966', 'GO:0009968', 'GO:1902532', 'GO:0048519', 'GO:1902531', 'GO:0048523', 'GO:0010648', 'GO:0050789', 'GO:0010646', 'GO:0023051'}"
GO:0071672,"{'GO:0040012', 'GO:0065007', 'GO:0051270', 'GO:0048583', 'GO:0014910', 'GO:0048585', 'GO:0032101', 'GO:0050794', 'GO:2000146', 'GO:0014912', 'GO:0008150', 'GO:0071671', 'GO:0050920', 'GO:0051271', 'GO:0032879', 'GO:0040013', 'GO:0048519', 'GO:0032102', 'GO:0050922', 'GO:0048523', 'GO:0050789', 'GO:2000145', 'GO:0030336', 'GO:0030334'}"
GO:0014912,"{'GO:0040012', 'GO:0065007', 'GO:0051270', 'GO:0014910', 'GO:0050794', 'GO:2000146', 'GO:0008150', 'GO:0051271', 'GO:0032879', 'GO:0040013', 'GO:0048519', 'GO:0048523', 'GO:0050789', 'GO:2000145', 'GO:0030336', 'GO:0030334'}"
GO:0043116,"{'GO:0003008', 'GO:0065007', 'GO:0065008', 'GO:0032501', 'GO:0043114', 'GO:0003018', 'GO:0008150', 'GO:0003013'}"
GO:0021772,"{'GO:0048856', 'GO:0008150', 'GO:0032502'}"
GO:0003184,"{'GO:0032502', 'GO:0009653', 'GO:0008150', 'GO:0003179'}"
GO:0031290,"{'GO:0006928', 'GO:0009987', 'GO:0097485', 'GO:0008150', 'GO:0007411'}"
GO:0035385,"{'GO:0009987', 'GO:0008150', 'GO:0050789', 'GO:0065007', 'GO:0007166', 'GO:0050794', 'GO:0007165'}"
GO:0022029,"{'GO:0048870', 'GO:0006928', 'GO:0009987', 'GO:0040011', 'GO:0008150', 'GO:0021885', 'GO:0016477'}"
GO:0060412,"{'GO:0060411', 'GO:0009653', 'GO:0008150', 'GO:0032502'}"
GO:0001578,"{'GO:0000226', 'GO:0006996', 'GO:0007010', 'GO:0009987', 'GO:0016043', 'GO:0071840', 'GO:0007017', 'GO:0008150'}"
GO:0051013,"{'GO:0000226', 'GO:0006996', 'GO:0007010', 'GO:0009987', 'GO:0016043', 'GO:0071840', 'GO:0007017', 'GO:0008150'}"
GO:0005975,"{'GO:0044238', 'GO:0071704', 'GO:0008150', 'GO:0008152'}"
GO:0022010,"{'GO:0009987', 'GO:0008366', 'GO:0042552', 'GO:0032291', 'GO:0007272', 'GO:0008150'}"
GO:0021955,"{'GO:0007409', 'GO:0032502', 'GO:0048858', 'GO:0032989', 'GO:0009987', 'GO:0048869', 'GO:0120039', 'GO:0016043', 'GO:0071840', 'GO:0032990', 'GO:0030030', 'GO:0009653', 'GO:0048812', 'GO:0008150'}"
GO:0010706,"{'GO:0006629', 'GO:1901137', 'GO:0046467', 'GO:0009058', 'GO:0006687', 'GO:0046513', 'GO:0006807', 'GO:0009987', 'GO:0071704', 'GO:0044255', 'GO:0008150', 'GO:1901135', 'GO:0008610', 'GO:0043603', 'GO:0001573', 'GO:0034641', 'GO:1901576', 'GO:0009247', 'GO:0030148', 'GO:1901564', 'GO:1903509', 'GO:0006643', 'GO:0044271', 'GO:0044237', 'GO:1901566', 'GO:0043604', 'GO:0008152', 'GO:0044238', 'GO:0006672', 'GO:0006665', 'GO:0006664', 'GO:0044249', 'GO:0006688', 'GO:0001574'}"
GO:0006688,"{'GO:0006629', 'GO:1901137', 'GO:0046467', 'GO:0009058', 'GO:0006687', 'GO:0006807', 'GO:0009987', 'GO:0071704', 'GO:0044255', 'GO:0008150', 'GO:1901135', 'GO:0008610', 'GO:1901576', 'GO:0009247', 'GO:0030148', 'GO:1901564', 'GO:1903509', 'GO:0006643', 'GO:0044237', 'GO:1901566', 'GO:0008152', 'GO:0044238', 'GO:0006665', 'GO:0006664', 'GO:0044249'}"
GO:0001572,"{'GO:0006629', 'GO:1901137', 'GO:0046467', 'GO:0009058', 'GO:0006687', 'GO:0046513', 'GO:0006807', 'GO:0009987', 'GO:0071704', 'GO:0044255', 'GO:0008150', 'GO:1901135', 'GO:0008610', 'GO:0043603', 'GO:0034641', 'GO:1901576', 'GO:0009247', 'GO:0030148', 'GO:1901564', 'GO:1903509', 'GO:0006643', 'GO:0046478', 'GO:0044271', 'GO:0044237', 'GO:1901566', 'GO:0043604', 'GO:0008152', 'GO:0044238', 'GO:0006672', 'GO:0006665', 'GO:0006664', 'GO:0044249', 'GO:0006688'}"
GO:0006486,"{'GO:0043412', 'GO:0019538', 'GO:0043413', 'GO:0006464', 'GO:0036211', 'GO:0006807', 'GO:0009987', 'GO:0044237', 'GO:0071704', 'GO:0044267', 'GO:0043170', 'GO:0008150', 'GO:0008152', 'GO:0044238', 'GO:0044260', 'GO:0070085', 'GO:1901564'}"
GO:0030148,"{'GO:0006629', 'GO:0006643', 'GO:0046467', 'GO:0009058', 'GO:0006807', 'GO:0009987', 'GO:0044237', 'GO:0071704', 'GO:0044255', 'GO:1901566', 'GO:0008150', 'GO:0008152', 'GO:0044238', 'GO:0008610', 'GO:0006665', 'GO:1901576', 'GO:0044249', 'GO:1901564'}"
GO:0033344,"{'GO:0006811', 'GO:0015918', 'GO:0006820', 'GO:0051179', 'GO:0006869', 'GO:0015850', 'GO:0006810', 'GO:0030301', 'GO:0051234', 'GO:0071702', 'GO:0008150'}"
GO:0042632,"{'GO:0048878', 'GO:0042592', 'GO:0055088', 'GO:0065007', 'GO:0008150', 'GO:0065008', 'GO:0055092'}"
GO:0032366,"{'GO:0015918', 'GO:0006820', 'GO:0051649', 'GO:0015850', 'GO:0051234', 'GO:0051641', 'GO:0009987', 'GO:0008150', 'GO:0032365', 'GO:0006811', 'GO:0051179', 'GO:0006869', 'GO:0006810', 'GO:0046907', 'GO:0071702'}"
GO:0015918,"{'GO:0006811', 'GO:0006820', 'GO:0051179', 'GO:0006869', 'GO:0015850', 'GO:0006810', 'GO:0051234', 'GO:0071702', 'GO:0008150'}"
GO:0007193,"{'GO:0007186', 'GO:0007188', 'GO:0065007', 'GO:0050789', 'GO:0007187', 'GO:0009987', 'GO:0050794', 'GO:0007165', 'GO:0008150'}"
GO:0001816,"{'GO:0071704', 'GO:0010467', 'GO:0043170', 'GO:0008150', 'GO:0008152', 'GO:0032501'}"
GO:1903141,"{'GO:0060284', 'GO:0065007', 'GO:0045596', 'GO:0050793', 'GO:0010721', 'GO:0051093', 'GO:0045602', 'GO:0050794', 'GO:1903140', 'GO:0008150', 'GO:0030857', 'GO:1901551', 'GO:0051239', 'GO:0045595', 'GO:0030856', 'GO:2000026', 'GO:0048519', 'GO:0045601', 'GO:0048523', 'GO:1901550', 'GO:0050789'}"
GO:0032651,"{'GO:0032652', 'GO:0019222', 'GO:0010468', 'GO:0051239', 'GO:0001817', 'GO:0065007', 'GO:0060255', 'GO:0050789', 'GO:0008150'}"
GO:0019222,"{'GO:0050789', 'GO:0065007', 'GO:0008150'}"
GO:0007094,"{'GO:0007346', 'GO:0051726', 'GO:0051784', 'GO:0065007', 'GO:0045839', 'GO:0031577', 'GO:0022402', 'GO:0009987', 'GO:0008150', 'GO:0045841', 'GO:0051983', 'GO:0010965', 'GO:0030071', 'GO:0007088', 'GO:0071173', 'GO:0000075', 'GO:1903047', 'GO:0051985', 'GO:0007093', 'GO:0033043', 'GO:0033047', 'GO:1905818', 'GO:0048523', 'GO:0050789', 'GO:0010639', 'GO:0033044', 'GO:1902100', 'GO:0033046', 'GO:1901988', 'GO:0045786', 'GO:0010948', 'GO:2000816', 'GO:0051129', 'GO:1901990', 'GO:0050794', 'GO:1902099', 'GO:2001251', 'GO:0071174', 'GO:1905819', 'GO:1901987', 'GO:0045930', 'GO:0010564', 'GO:0048519', 'GO:0033048', 'GO:0051128', 'GO:0051783', 'GO:0033045', 'GO:1901991'}"
GO:0000398,"{'GO:0016070', 'GO:1901360', 'GO:0000377', 'GO:0016071', 'GO:0009987', 'GO:0044237', 'GO:0006807', 'GO:0006725', 'GO:0071704', 'GO:0090304', 'GO:0043170', 'GO:0008150', 'GO:0008152', 'GO:0044238', 'GO:0008380', 'GO:0006397', 'GO:0034641', 'GO:0006396', 'GO:0046483', 'GO:0006139', 'GO:0000375'}"
GO:0006270,"{'GO:1901360', 'GO:0009987', 'GO:0044237', 'GO:0006807', 'GO:0006725', 'GO:0071704', 'GO:0090304', 'GO:0043170', 'GO:0008150', 'GO:0008152', 'GO:0044238', 'GO:0034641', 'GO:0044260', 'GO:0046483', 'GO:0006139', 'GO:0006259'}"
GO:0000727,"{'GO:1901360', 'GO:0050896', 'GO:0000725', 'GO:0009987', 'GO:0006807', 'GO:0044237', 'GO:0006725', 'GO:0051716', 'GO:0071704', 'GO:0090304', 'GO:0043170', 'GO:0008150', 'GO:0006281', 'GO:0008152', 'GO:0044238', 'GO:0006974', 'GO:0000724', 'GO:0034641', 'GO:0006310', 'GO:0044260', 'GO:0006302', 'GO:0046483', 'GO:0006139', 'GO:0006950', 'GO:0033554', 'GO:0006259'}"
GO:1902977,"{'GO:1903047', 'GO:0071163', 'GO:0071824', 'GO:0022607', 'GO:0022402', 'GO:0009987', 'GO:0034622', 'GO:0065004', 'GO:0016043', 'GO:0071840', 'GO:0043933', 'GO:0065003', 'GO:0008150'}"
GO:1900087,"{'GO:0007346', 'GO:0051726', 'GO:0090068', 'GO:0065007', 'GO:1902808', 'GO:2000045', 'GO:1902806', 'GO:1901992', 'GO:1901990', 'GO:0050794', 'GO:0008150', 'GO:0048522', 'GO:1901989', 'GO:1901987', 'GO:0045931', 'GO:0045787', 'GO:0048518', 'GO:0010564', 'GO:0050789'}"
GO:0031938,"{'GO:0051171', 'GO:0006355', 'GO:0031323', 'GO:0009889', 'GO:2001141', 'GO:0065007', 'GO:1903506', 'GO:0031935', 'GO:0019219', 'GO:0050794', 'GO:0008150', 'GO:0051252', 'GO:0060968', 'GO:0019222', 'GO:0010468', 'GO:0080090', 'GO:2000112', 'GO:0060255', 'GO:0031326', 'GO:1902275', 'GO:0051128', 'GO:0010556', 'GO:0050789'}"
GO:0006333,"{'GO:0006325', 'GO:0009987', 'GO:0016043', 'GO:0071840', 'GO:0008150'}"
GO:0006338,"{'GO:0006325', 'GO:0009987', 'GO:0016043', 'GO:0071840', 'GO:0008150'}"
GO:0016572,"{'GO:0016310', 'GO:0043412', 'GO:0019538', 'GO:0006464', 'GO:0009987', 'GO:0044237', 'GO:0036211', 'GO:0006807', 'GO:0071704', 'GO:0006796', 'GO:0044267', 'GO:0071840', 'GO:0043170', 'GO:0008150', 'GO:0008152', 'GO:0016569', 'GO:0006325', 'GO:0044238', 'GO:0044260', 'GO:0006468', 'GO:0006793', 'GO:0016043', 'GO:0016570', 'GO:1901564'}"
GO:0071351,"{'GO:0071310', 'GO:0071345', 'GO:0050896', 'GO:0010033', 'GO:0009987', 'GO:0051716', 'GO:0070673', 'GO:0008150', 'GO:0042221', 'GO:0070887', 'GO:0034097'}"
GO:0032609,"{'GO:0001816', 'GO:0071704', 'GO:0010467', 'GO:0043170', 'GO:0008150', 'GO:0008152', 'GO:0032501'}"
GO:0035655,"{'GO:0065007', 'GO:0050794', 'GO:0009987', 'GO:0050789', 'GO:0019221', 'GO:0007166', 'GO:0008150', 'GO:0007165'}"
GO:0032635,"{'GO:0001816', 'GO:0071704', 'GO:0010467', 'GO:0043170', 'GO:0008150', 'GO:0008152', 'GO:0032501'}"
GO:0042119,"{'GO:0002376', 'GO:0001775', 'GO:0009987', 'GO:0002274', 'GO:0045321', 'GO:0008150', 'GO:0036230'}"
GO:0045954,"{'GO:0050778', 'GO:0002708', 'GO:0065007', 'GO:0031341', 'GO:0048583', 'GO:0045088', 'GO:0002699', 'GO:0080134', 'GO:0031349', 'GO:0001910', 'GO:0008150', 'GO:0050776', 'GO:0048522', 'GO:0002684', 'GO:0001912', 'GO:0050789', 'GO:0002682', 'GO:0045089', 'GO:0002833', 'GO:0002705', 'GO:0002715', 'GO:0032101', 'GO:0050794', 'GO:0002717', 'GO:0031347', 'GO:0002703', 'GO:0031343', 'GO:0002697', 'GO:0048584', 'GO:0002831', 'GO:0048518', 'GO:0032103', 'GO:0002706', 'GO:0042269'}"
GO:0035744,"{'GO:0050896', 'GO:0035743', 'GO:0032501', 'GO:0002440', 'GO:0002252', 'GO:0002449', 'GO:0071704', 'GO:0010467', 'GO:0043170', 'GO:0008150', 'GO:0008152', 'GO:0002460', 'GO:0001816', 'GO:0002443', 'GO:0006955', 'GO:0002456', 'GO:0002367', 'GO:0002376', 'GO:0002250', 'GO:0002369'}"
GO:0046855,"{'GO:0044262', 'GO:1901616', 'GO:0009056', 'GO:0046434', 'GO:0046164', 'GO:0009987', 'GO:0071545', 'GO:0044237', 'GO:0019637', 'GO:0005975', 'GO:0071704', 'GO:0006796', 'GO:0008150', 'GO:0008152', 'GO:0046174', 'GO:0044238', 'GO:0043647', 'GO:0006066', 'GO:0044281', 'GO:1901575', 'GO:1901615', 'GO:0006793', 'GO:0019751', 'GO:0044282', 'GO:0046838', 'GO:0016311'}"
GO:0046856,"{'GO:0006629', 'GO:0006650', 'GO:0009987', 'GO:0044237', 'GO:0019637', 'GO:0044255', 'GO:0006796', 'GO:0071704', 'GO:0008150', 'GO:0006644', 'GO:0008152', 'GO:0044238', 'GO:0046839', 'GO:0046488', 'GO:0006793', 'GO:0030258', 'GO:0046486', 'GO:0016311'}"
GO:0070837,"{'GO:0006811', 'GO:0006820', 'GO:0051179', 'GO:0006810', 'GO:0051180', 'GO:0051234', 'GO:0015711', 'GO:0071702', 'GO:0008150'}"
GO:0015882,"{'GO:0006820', 'GO:0055085', 'GO:0008643', 'GO:1903825', 'GO:0051180', 'GO:0051234', 'GO:0009987', 'GO:0035461', 'GO:0015711', 'GO:0034220', 'GO:0098656', 'GO:0008150', 'GO:0046942', 'GO:0006811', 'GO:0051179', 'GO:0006810', 'GO:1905039', 'GO:0071702', 'GO:0015849', 'GO:0015749', 'GO:0034219'}"
GO:0009636,"{'GO:0008150', 'GO:0042221', 'GO:0050896'}"
GO:0070904,"{'GO:0046942', 'GO:0006811', 'GO:0006820', 'GO:0051179', 'GO:0006810', 'GO:0008643', 'GO:0051234', 'GO:0015711', 'GO:0071702', 'GO:0070633', 'GO:0015849', 'GO:0008150'}"
GO:0070842,"{'GO:0009987', 'GO:0070841', 'GO:0016043', 'GO:0071840', 'GO:0022607', 'GO:0008150'}"
GO:0071218,"{'GO:0035967', 'GO:0035966', 'GO:0071310', 'GO:0042221', 'GO:0050896', 'GO:0010033', 'GO:0070887', 'GO:0009987', 'GO:0051716', 'GO:0008150', 'GO:0006950', 'GO:0033554', 'GO:0051788'}"
GO:0035967,"{'GO:0071310', 'GO:0042221', 'GO:0050896', 'GO:0010033', 'GO:0070887', 'GO:0009987', 'GO:0008150', 'GO:0051716', 'GO:0035966', 'GO:0006950', 'GO:0033554'}"
GO:0048668,"{'GO:0032502', 'GO:0040007', 'GO:0048588', 'GO:0048589', 'GO:0016049', 'GO:0060560', 'GO:0009987', 'GO:0008150'}"
GO:0060997,"{'GO:0031175', 'GO:0032502', 'GO:0009987', 'GO:0120039', 'GO:0071840', 'GO:0032990', 'GO:0009653', 'GO:0008150', 'GO:0099173', 'GO:0097061', 'GO:0048858', 'GO:0032989', 'GO:0120036', 'GO:0048869', 'GO:0016043', 'GO:0030030', 'GO:0106027', 'GO:0048812'}"
GO:0070846,"{'GO:0043412', 'GO:0019538', 'GO:0035601', 'GO:0006464', 'GO:0036211', 'GO:0006807', 'GO:0009987', 'GO:0044237', 'GO:0071704', 'GO:0044267', 'GO:0098732', 'GO:0043170', 'GO:0008150', 'GO:0008152', 'GO:0044238', 'GO:0044260', 'GO:0006476', 'GO:1901564'}"
GO:0032418,"{'GO:0051641', 'GO:0009987', 'GO:0051179', 'GO:0008150', 'GO:0051640'}"
GO:0051646,"{'GO:0051641', 'GO:0009987', 'GO:0051179', 'GO:0008150', 'GO:0051640'}"
GO:0007026,"{'GO:0031111', 'GO:0032886', 'GO:0065007', 'GO:0051493', 'GO:0031114', 'GO:0051129', 'GO:0043242', 'GO:0050794', 'GO:0008150', 'GO:1902903', 'GO:1902904', 'GO:1901879', 'GO:0070507', 'GO:0031110', 'GO:0048519', 'GO:0033043', 'GO:0051494', 'GO:0048523', 'GO:0051128', 'GO:0043244', 'GO:0050789', 'GO:0010639', 'GO:1901880'}"
GO:0031333,"{'GO:0065007', 'GO:0044087', 'GO:0048519', 'GO:0050789', 'GO:0043254', 'GO:0051129', 'GO:0048523', 'GO:0051128', 'GO:0050794', 'GO:0008150'}"
GO:0043242,"{'GO:0065007', 'GO:0048519', 'GO:0050789', 'GO:0051129', 'GO:0048523', 'GO:0051128', 'GO:0043244', 'GO:0050794', 'GO:0008150'}"
GO:0045861,"{'GO:0051171', 'GO:0031323', 'GO:0065007', 'GO:0032269', 'GO:0032268', 'GO:0050794', 'GO:0008150', 'GO:0051172', 'GO:0019222', 'GO:0030162', 'GO:0080090', 'GO:0031324', 'GO:0060255', 'GO:0048519', 'GO:0051246', 'GO:0051248', 'GO:0010605', 'GO:0048523', 'GO:0050789', 'GO:0009892'}"
GO:0061734,"{'GO:0050896', 'GO:0098780', 'GO:0009987', 'GO:1904923', 'GO:0051716', 'GO:0098779', 'GO:0008150', 'GO:0006950', 'GO:0033554', 'GO:1904925'}"
GO:0034983,"{'GO:0043412', 'GO:0019538', 'GO:0035601', 'GO:0006464', 'GO:0036211', 'GO:0006807', 'GO:0009987', 'GO:0044237', 'GO:0071704', 'GO:0044267', 'GO:0098732', 'GO:0043170', 'GO:0008150', 'GO:0008152', 'GO:0018205', 'GO:0018193', 'GO:0044238', 'GO:0044260', 'GO:0006476', 'GO:1901564'}"
GO:0070845,"{'GO:0006820', 'GO:0051649', 'GO:0006886', 'GO:0051234', 'GO:0051641', 'GO:0009987', 'GO:0015031', 'GO:0008150', 'GO:0071705', 'GO:0006811', 'GO:0051179', 'GO:0042886', 'GO:0006810', 'GO:0015833', 'GO:0045184', 'GO:0008104', 'GO:0046907', 'GO:0071702', 'GO:0033036', 'GO:0070844', 'GO:0070843'}"
GO:0010634,"{'GO:0040012', 'GO:0065007', 'GO:0051270', 'GO:0051272', 'GO:0050794', 'GO:2000147', 'GO:0008150', 'GO:0048522', 'GO:0010632', 'GO:0030335', 'GO:0051239', 'GO:0040017', 'GO:0032879', 'GO:0048518', 'GO:0050789', 'GO:2000145', 'GO:0030334'}"
GO:1901300,"{'GO:0065007', 'GO:0048583', 'GO:1901031', 'GO:1901033', 'GO:1903201', 'GO:0043067', 'GO:1903205', 'GO:0080135', 'GO:0080134', 'GO:0050794', 'GO:0008150', 'GO:0010941', 'GO:1901298', 'GO:0048522', 'GO:1905206', 'GO:1903209', 'GO:1902884', 'GO:0048584', 'GO:0010942', 'GO:0048518', 'GO:1900407', 'GO:1902882', 'GO:0043068', 'GO:0050789'}"
GO:0098779,"{'GO:0050896', 'GO:0098780', 'GO:0009987', 'GO:1904923', 'GO:0051716', 'GO:0008150', 'GO:0006950', 'GO:0033554', 'GO:1904925'}"
GO:0033138,"{'GO:0010562', 'GO:0031323', 'GO:0065007', 'GO:0019220', 'GO:0051247', 'GO:0042325', 'GO:0008150', 'GO:0048522', 'GO:0031325', 'GO:0009893', 'GO:0050789', 'GO:0032270', 'GO:0042327', 'GO:0033135', 'GO:0051171', 'GO:0031401', 'GO:0001934', 'GO:0032268', 'GO:0050794', 'GO:0051173', 'GO:0019222', 'GO:0001932', 'GO:0010604', 'GO:0080090', 'GO:0031399', 'GO:0060255', 'GO:0048518', 'GO:0045937', 'GO:0051246', 'GO:0051174'}"
GO:0031648,"{'GO:0065007', 'GO:0031647', 'GO:0008150', 'GO:0065008'}"
GO:0032984,"{'GO:0022411', 'GO:0009987', 'GO:0016043', 'GO:0071840', 'GO:0043933', 'GO:0008150'}"
GO:0070201,"{'GO:0032880', 'GO:0050789', 'GO:0065007', 'GO:0008150', 'GO:0032879'}"
GO:0040029,"{'GO:0019222', 'GO:0010468', 'GO:0050789', 'GO:0065007', 'GO:0008150', 'GO:0060255'}"
GO:0016241,"{'GO:0019222', 'GO:0031323', 'GO:0065007', 'GO:0009894', 'GO:0050794', 'GO:0031329', 'GO:0050789', 'GO:0010506', 'GO:0008150'}"
GO:0070848,"{'GO:0008150', 'GO:0042221', 'GO:0050896', 'GO:0010033'}"
GO:0051788,"{'GO:0006950', 'GO:0042221', 'GO:0035966', 'GO:0008150', 'GO:0050896', 'GO:0010033'}"
GO:0090042,"{'GO:0043412', 'GO:0019538', 'GO:0035601', 'GO:0006464', 'GO:0036211', 'GO:0006807', 'GO:0009987', 'GO:0044237', 'GO:0071704', 'GO:0044267', 'GO:0098732', 'GO:0043170', 'GO:0008150', 'GO:0008152', 'GO:0044238', 'GO:0044260', 'GO:0006476', 'GO:1901564'}"
GO:0006103,"{'GO:0006082', 'GO:0044281', 'GO:0043648', 'GO:0043436', 'GO:0009987', 'GO:0044237', 'GO:0071704', 'GO:0019752', 'GO:0008150', 'GO:0008152'}"
GO:0006532,"{'GO:0009067', 'GO:1901607', 'GO:0009058', 'GO:0043648', 'GO:0009987', 'GO:0006807', 'GO:0006520', 'GO:0071704', 'GO:0008150', 'GO:0009066', 'GO:0006082', 'GO:1901576', 'GO:0044283', 'GO:0019752', 'GO:0006531', 'GO:1901564', 'GO:1901605', 'GO:0044237', 'GO:0046394', 'GO:1901566', 'GO:0008152', 'GO:0008652', 'GO:0044238', 'GO:0044281', 'GO:0016053', 'GO:0043436', 'GO:0043650', 'GO:0044249'}"
GO:0006533,"{'GO:0046395', 'GO:0043648', 'GO:0009987', 'GO:0006807', 'GO:0006520', 'GO:0071704', 'GO:0008150', 'GO:0009063', 'GO:0009066', 'GO:0006082', 'GO:0009068', 'GO:1901606', 'GO:0044282', 'GO:0043649', 'GO:0006531', 'GO:0019752', 'GO:1901565', 'GO:1901564', 'GO:0016054', 'GO:1901605', 'GO:0009056', 'GO:0044237', 'GO:0008152', 'GO:0044248', 'GO:0044238', 'GO:0044281', 'GO:1901575', 'GO:0043436'}"
GO:0006531,"{'GO:1901605', 'GO:0043648', 'GO:0009987', 'GO:0044237', 'GO:0006807', 'GO:0006520', 'GO:0071704', 'GO:0008150', 'GO:0008152', 'GO:0044238', 'GO:0009066', 'GO:0006082', 'GO:0044281', 'GO:0043436', 'GO:0019752', 'GO:1901564'}"
GO:0006520,"{'GO:0044238', 'GO:0006082', 'GO:0044281', 'GO:0043436', 'GO:0009987', 'GO:0044237', 'GO:0006807', 'GO:0071704', 'GO:0019752', 'GO:0008150', 'GO:0008152', 'GO:1901564'}"
GO:0043648,"{'GO:0006082', 'GO:0044281', 'GO:0043436', 'GO:0009987', 'GO:0044237', 'GO:0071704', 'GO:0019752', 'GO:0008150', 'GO:0008152'}"
GO:0015908,"{'GO:0006811', 'GO:0006820', 'GO:0051179', 'GO:0006869', 'GO:0006810', 'GO:0051234', 'GO:0071702', 'GO:0015849', 'GO:0008150'}"
GO:0019551,"{'GO:0046395', 'GO:0043648', 'GO:0009987', 'GO:0006807', 'GO:0006520', 'GO:0071704', 'GO:0006538', 'GO:0008150', 'GO:0009063', 'GO:0009064', 'GO:0006082', 'GO:1901606', 'GO:0006103', 'GO:0043649', 'GO:0044282', 'GO:0019752', 'GO:1901565', 'GO:1901564', 'GO:0016054', 'GO:1901605', 'GO:0009056', 'GO:0044237', 'GO:0008152', 'GO:0006106', 'GO:0044248', 'GO:0044238', 'GO:0044281', 'GO:1901575', 'GO:0043436', 'GO:0006536', 'GO:0009065'}"
GO:0019550,"{'GO:0046395', 'GO:0043648', 'GO:0009987', 'GO:0006807', 'GO:0006520', 'GO:0071704', 'GO:0006538', 'GO:0008150', 'GO:0009063', 'GO:0009064', 'GO:0009066', 'GO:0006082', 'GO:1901606', 'GO:0043649', 'GO:0044282', 'GO:0019752', 'GO:0006531', 'GO:1901565', 'GO:1901564', 'GO:0016054', 'GO:1901605', 'GO:0009056', 'GO:0044237', 'GO:0008152', 'GO:0044248', 'GO:0044238', 'GO:0044281', 'GO:1901575', 'GO:0043436', 'GO:0006536', 'GO:0009065'}"
GO:0006536,"{'GO:1901605', 'GO:0043648', 'GO:0009987', 'GO:0044237', 'GO:0006807', 'GO:0006520', 'GO:0071704', 'GO:0008150', 'GO:0008152', 'GO:0044238', 'GO:0009064', 'GO:0006082', 'GO:0044281', 'GO:0043436', 'GO:0019752', 'GO:1901564'}"
GO:0007595,"{'GO:0051179', 'GO:0046903', 'GO:0065007', 'GO:0006810', 'GO:0065008', 'GO:0050878', 'GO:0007589', 'GO:0051234', 'GO:0008150'}"
GO:0006107,"{'GO:0006082', 'GO:0044281', 'GO:0043648', 'GO:0043436', 'GO:0009987', 'GO:0044237', 'GO:0071704', 'GO:0019752', 'GO:0008150', 'GO:0008152'}"
GO:0045471,"{'GO:0042221', 'GO:0050896', 'GO:0008150', 'GO:1901700', 'GO:0010033', 'GO:0097305'}"
GO:0043278,"{'GO:0042221', 'GO:0014070', 'GO:0050896', 'GO:0010033', 'GO:0014072', 'GO:0010243', 'GO:0043279', 'GO:0008150', 'GO:1901698'}"
GO:0007276,"{'GO:0048609', 'GO:0008150', 'GO:0022414'}"
GO:0071470,"{'GO:0006950', 'GO:0042221', 'GO:0071214', 'GO:0104004', 'GO:0006970', 'GO:0050896', 'GO:0070887', 'GO:0009987', 'GO:0009628', 'GO:0051716', 'GO:0062197', 'GO:0008150', 'GO:0033554'}"
GO:0098586,"{'GO:0009607', 'GO:0051707', 'GO:0009615', 'GO:0043207', 'GO:0050896', 'GO:0009605', 'GO:0044419', 'GO:0008150'}"
GO:0097193,"{'GO:0065007', 'GO:0035556', 'GO:0050794', 'GO:0009987', 'GO:0097190', 'GO:0050789', 'GO:0007165', 'GO:0008150'}"
GO:0055088,"{'GO:0048878', 'GO:0042592', 'GO:0065007', 'GO:0008150', 'GO:0065008'}"
GO:0042256,"{'GO:0022607', 'GO:0042255', 'GO:0006996', 'GO:0070925', 'GO:0009987', 'GO:0016043', 'GO:0071840', 'GO:0008150'}"
GO:1901223,"{'GO:0065007', 'GO:0023057', 'GO:0048583', 'GO:0048585', 'GO:0050794', 'GO:0008150', 'GO:0009966', 'GO:0009968', 'GO:1902532', 'GO:0048519', 'GO:1901222', 'GO:1902531', 'GO:0048523', 'GO:0010648', 'GO:0050789', 'GO:0010646', 'GO:0023051'}"
GO:0090263,"{'GO:0023056', 'GO:0030111', 'GO:0030177', 'GO:0065007', 'GO:0010647', 'GO:0048583', 'GO:0009967', 'GO:0050794', 'GO:0008150', 'GO:0009966', 'GO:0060828', 'GO:0048522', 'GO:0048584', 'GO:0048518', 'GO:0050789', 'GO:0010646', 'GO:0023051'}"
GO:0030307,"{'GO:0048522', 'GO:0001558', 'GO:0065007', 'GO:0050794', 'GO:0048518', 'GO:0040008', 'GO:0045927', 'GO:0051128', 'GO:0050789', 'GO:0008150'}"
GO:1901224,"{'GO:0023056', 'GO:1902533', 'GO:0065007', 'GO:0010647', 'GO:0048583', 'GO:0009967', 'GO:0050794', 'GO:0008150', 'GO:0009966', 'GO:0048522', 'GO:0048584', 'GO:0048518', 'GO:1901222', 'GO:1902531', 'GO:0050789', 'GO:0010646', 'GO:0023051'}"
GO:1901985,"{'GO:1901983', 'GO:0051171', 'GO:0031401', 'GO:0031323', 'GO:0065007', 'GO:0032268', 'GO:0051247', 'GO:0050794', 'GO:0008150', 'GO:0051173', 'GO:0048522', 'GO:0019222', 'GO:0010604', 'GO:0080090', 'GO:0032270', 'GO:0031399', 'GO:0060255', 'GO:0048518', 'GO:0050789', 'GO:0051246', 'GO:0031325', 'GO:0009893'}"
GO:0071902,"{'GO:0010562', 'GO:0031323', 'GO:0065007', 'GO:0019220', 'GO:0050790', 'GO:0051347', 'GO:0051247', 'GO:0042325', 'GO:0008150', 'GO:0048522', 'GO:0071900', 'GO:0031325', 'GO:0045859', 'GO:0009893', 'GO:0050789', 'GO:0032270', 'GO:0051338', 'GO:0042327', 'GO:0051171', 'GO:0043085', 'GO:0031401', 'GO:0065009', 'GO:0033674', 'GO:0001934', 'GO:0032268', 'GO:0050794', 'GO:0043549', 'GO:0051173', 'GO:0019222', 'GO:0001932', 'GO:0010604', 'GO:0080090', 'GO:0045860', 'GO:0031399', 'GO:0060255', 'GO:0048518', 'GO:0045937', 'GO:0051246', 'GO:0044093', 'GO:0051174'}"
GO:0034161,"{'GO:0023056', 'GO:0065007', 'GO:0010647', 'GO:0048583', 'GO:0034123', 'GO:0034121', 'GO:0062208', 'GO:0009967', 'GO:0062207', 'GO:0034159', 'GO:0050794', 'GO:0008150', 'GO:0009966', 'GO:0048522', 'GO:0048584', 'GO:0048518', 'GO:0050789', 'GO:0010646', 'GO:0023051'}"
GO:0045727,"{'GO:0009889', 'GO:0031323', 'GO:0065007', 'GO:0010628', 'GO:0051247', 'GO:0008150', 'GO:0010557', 'GO:0048522', 'GO:0010468', 'GO:0034248', 'GO:2000112', 'GO:0031326', 'GO:0031325', 'GO:0010608', 'GO:0010556', 'GO:0009893', 'GO:0032270', 'GO:0050789', 'GO:0031328', 'GO:0034250', 'GO:0051171', 'GO:0032268', 'GO:0050794', 'GO:0009891', 'GO:0051173', 'GO:0019222', 'GO:0006417', 'GO:0010604', 'GO:0080090', 'GO:0060255', 'GO:0048518', 'GO:0051246'}"
GO:0036493,"{'GO:0031323', 'GO:0065007', 'GO:0043555', 'GO:0009987', 'GO:0051247', 'GO:0034976', 'GO:0010557', 'GO:0032270', 'GO:0034250', 'GO:0051171', 'GO:0050896', 'GO:0051716', 'GO:0050794', 'GO:0009891', 'GO:0051173', 'GO:0010604', 'GO:0080090', 'GO:0032056', 'GO:0048518', 'GO:0036490', 'GO:0006950', 'GO:0009889', 'GO:0010628', 'GO:0008150', 'GO:0045727', 'GO:0048522', 'GO:0010468', 'GO:0034248', 'GO:2000112', 'GO:0031326', 'GO:0010608', 'GO:0031325', 'GO:0010556', 'GO:0050789', 'GO:0009893', 'GO:0031328', 'GO:0032268', 'GO:0006417', 'GO:0019222', 'GO:0060255', 'GO:0051246', 'GO:0033554'}"
GO:0045948,"{'GO:0009889', 'GO:0031323', 'GO:0065007', 'GO:0010628', 'GO:0006446', 'GO:0051247', 'GO:0045727', 'GO:0008150', 'GO:0010557', 'GO:0048522', 'GO:0010468', 'GO:0034248', 'GO:2000112', 'GO:0031326', 'GO:0031325', 'GO:0010608', 'GO:0010556', 'GO:0009893', 'GO:0032270', 'GO:0050789', 'GO:0031328', 'GO:0034250', 'GO:0051171', 'GO:0032268', 'GO:0050794', 'GO:0009891', 'GO:0051173', 'GO:0019222', 'GO:0006417', 'GO:0010604', 'GO:0080090', 'GO:0060255', 'GO:0048518', 'GO:0051246'}"
GO:1903608,"{'GO:0051179', 'GO:0033365', 'GO:0034613', 'GO:0051641', 'GO:0008104', 'GO:0009987', 'GO:0070727', 'GO:0033036', 'GO:0008150'}"
GO:0010501,"{'GO:0016070', 'GO:0044238', 'GO:1901360', 'GO:0043170', 'GO:0034641', 'GO:0009987', 'GO:0044237', 'GO:0006807', 'GO:0006725', 'GO:0071704', 'GO:0046483', 'GO:0006139', 'GO:0008150', 'GO:0090304', 'GO:0008152'}"
GO:0034063,"{'GO:0009987', 'GO:0016043', 'GO:0071840', 'GO:0022607', 'GO:0008150', 'GO:0006996', 'GO:0070925'}"
GO:0051156,"{'GO:1901135', 'GO:0006793', 'GO:0009987', 'GO:0044237', 'GO:0019637', 'GO:0071704', 'GO:0006796', 'GO:0008150', 'GO:0008152'}"
GO:0006006,"{'GO:0019318', 'GO:0044238', 'GO:0044281', 'GO:0005996', 'GO:0005975', 'GO:0071704', 'GO:0008150', 'GO:0008152'}"
GO:0006739,"{'GO:0008150', 'GO:0008152'}"
GO:0006098,"{'GO:0009987', 'GO:0044237', 'GO:0019637', 'GO:0006740', 'GO:0071704', 'GO:0006796', 'GO:0006739', 'GO:0008150', 'GO:0008152', 'GO:0006091', 'GO:1901135', 'GO:0006793', 'GO:0051156'}"
GO:0046314,"{'GO:0006575', 'GO:0090407', 'GO:0006599', 'GO:0009058', 'GO:0009987', 'GO:0044237', 'GO:0006807', 'GO:0019637', 'GO:0042398', 'GO:0071704', 'GO:0006796', 'GO:1901566', 'GO:0008150', 'GO:0008152', 'GO:0042396', 'GO:0006603', 'GO:0006793', 'GO:1901576', 'GO:1901564'}"
GO:0006603,"{'GO:0006575', 'GO:0006599', 'GO:0006793', 'GO:0009987', 'GO:0044237', 'GO:0006807', 'GO:0019637', 'GO:0071704', 'GO:0006796', 'GO:0008150', 'GO:0008152', 'GO:1901564'}"
GO:0061640,"{'GO:0009987', 'GO:0008150', 'GO:0022402', 'GO:0000910'}"
GO:1901856,"{'GO:0019222', 'GO:0031323', 'GO:0065007', 'GO:0043467', 'GO:0050794', 'GO:0031324', 'GO:0048519', 'GO:0043457', 'GO:0048523', 'GO:0050789', 'GO:0008150', 'GO:0009892'}"
GO:1903751,"{'GO:1903202', 'GO:0065007', 'GO:0043066', 'GO:0048583', 'GO:1901031', 'GO:1903201', 'GO:1903205', 'GO:0043067', 'GO:0080135', 'GO:0080134', 'GO:2001234', 'GO:0043069', 'GO:0008150', 'GO:0010941', 'GO:0042981', 'GO:0009966', 'GO:2001243', 'GO:1901298', 'GO:1902532', 'GO:1900407', 'GO:1901032', 'GO:0048523', 'GO:0050789', 'GO:1902175', 'GO:0010646', 'GO:0010648', 'GO:1903206', 'GO:0023057', 'GO:1903750', 'GO:0048585', 'GO:0060548', 'GO:0050794', 'GO:2001242', 'GO:0009968', 'GO:2001233', 'GO:1902883', 'GO:1902176', 'GO:1901299', 'GO:0048519', 'GO:1902531', 'GO:1902882', 'GO:0023051'}"
GO:0006457,"{'GO:0009987', 'GO:0008150'}"
GO:0009386,"{'GO:0051171', 'GO:0031323', 'GO:0009889', 'GO:0065007', 'GO:0032268', 'GO:0050794', 'GO:0008150', 'GO:0006417', 'GO:0019222', 'GO:0010468', 'GO:0080090', 'GO:0034248', 'GO:2000112', 'GO:0060255', 'GO:0031326', 'GO:0051246', 'GO:0010608', 'GO:0010556', 'GO:0050789'}"
